22,2593,0,0,0,1,0,0,1,0,0,0,0,0,0,0,0,1
22,2601,0,0,0,1,0,0,1,0,0,0,0,0,0,0,0,1
53,686,0,1,0,0,0,0,0,0,0,0,0,0,0,0,0,0
60,2222,0,0,0,1,0,0,1,0,0,0,0,1,0,0,0,0
75,2222,0,0,0,1,0,0,1,0,0,0,0,1,0,0,0,0
132,2174,0,1,0,0,0,0,0,0,0,0,0,0,0,0,0,0
148,1545,0,1,0,0,0,0,0,0,0,0,0,0,0,0,0,0
165,1266,0,1,0,0,0,0,0,0,0,0,0,0,0,0,0,0
172,2532,0,1,0,0,0,0,0,0,0,0,0,0,0,0,0,0
177,1149,0,1,0,0,0,0,0,0,0,0,0,0,0,0,0,0
179,2061,0,0,0,0,1,0,0,1,0,0,1,0,0,0,0,0
186,1117,0,1,0,0,0,0,0,0,0,0,0,0,0,0,0,0
194,2069,0,0,0,0,1,0,0,1,0,0,1,0,0,0,0,0
276,2440,0,0,0,1,0,0,1,0,0,0,0,0,0,0,0,1
276,2444,0,0,0,1,0,0,1,0,0,0,0,0,0,0,0,1
302,1511,0,1,0,0,0,0,0,0,0,0,0,0,0,0,0,0
311,1665,0,1,0,0,0,0,0,0,0,0,0,0,0,0,0,0
311,1721,0,1,0,0,0,0,0,0,0,0,0,0,0,0,0,0
341,1049,0,1,0,0,0,0,0,0,0,0,0,0,0,0,0,0
341,2400,0,1,0,0,0,0,0,0,0,0,0,0,0,0,0,0
347,1660,0,1,0,0,0,0,0,0,0,0,0,0,0,0,0,0
355,447,0,1,0,0,0,0,0,0,0,0,0,0,0,0,0,0
359,1027,0,1,0,0,0,0,0,0,0,0,0,0,0,0,0,0
381,726,0,0,0,1,0,0,1,0,0,0,0,0,0,0,0,1
390,726,0,0,0,1,0,0,1,0,0,0,0,0,0,0,0,1
404,1333,0,1,0,0,0,0,0,0,0,0,0,0,0,0,0,0
405,700,0,1,0,0,0,0,0,0,0,0,0,0,0,0,0,0
414,2266,0,0,0,1,0,0,1,0,0,0,0,0,0,0,0,1
414,2275,0,0,0,1,0,0,1,0,0,0,0,0,0,0,0,1
421,1261,0,1,0,0,0,0,0,0,0,0,0,0,0,0,0,0
431,1448,0,0,0,0,1,0,0,1,0,0,0,0,0,1,0,0
431,1476,0,0,0,0,1,0,0,1,0,0,0,0,0,1,0,0
455,2146,0,1,0,0,0,0,0,0,0,0,0,0,0,0,0,0
512,2349,0,1,0,0,0,0,0,0,0,0,0,0,0,0,0,0
528,688,0,0,0,1,0,0,1,0,0,0,0,0,0,0,0,1
528,695,0,0,0,1,0,0,1,0,0,0,0,0,0,0,0,1
581,475,0,0,0,1,0,0,1,0,0,0,0,0,0,0,1,0
589,477,0,0,0,1,0,0,1,0,0,0,0,0,0,0,1,0
590,479,0,0,0,0,0,1,0,0,1,0,0,0,0,1,0,0
590,489,0,0,0,1,0,0,1,0,0,0,0,1,0,0,0,0
591,478,0,0,0,0,0,1,0,0,1,0,0,0,0,1,0,0
596,1288,0,1,0,0,0,0,0,0,0,0,0,0,0,0,0,0
613,1404,0,0,0,1,0,0,1,0,0,0,0,0,0,0,0,1
613,1411,0,0,0,1,0,0,1,0,0,0,0,0,0,0,0,1
614,838,0,1,0,0,0,0,0,0,0,0,0,0,0,0,0,0
631,2487,0,0,0,1,0,0,1,0,0,0,0,0,0,0,1,0
635,2487,0,0,0,0,0,1,0,0,1,0,0,0,0,1,0,0
637,2518,0,0,0,0,1,0,0,1,0,0,1,0,0,0,0,0
642,1576,0,1,0,0,0,0,0,0,0,0,0,0,0,0,0,0
654,2629,0,0,0,1,0,0,1,0,0,0,0,0,0,0,0,1
657,2632,0,0,0,1,0,0,1,0,0,0,0,0,0,0,0,1
660,1343,0,1,0,0,0,0,0,0,0,0,0,0,0,0,0,0
672,893,0,1,0,0,0,0,0,0,0,0,0,0,0,0,0,0
678,623,0,1,0,0,0,0,0,0,0,0,0,0,0,0,0,0
678,1181,0,0,0,1,0,0,1,0,0,0,0,1,0,0,0,0
689,1187,0,0,0,1,0,0,1,0,0,0,0,0,0,0,0,1
689,1190,0,0,0,1,0,0,1,0,0,0,0,0,0,0,0,1
689,1633,0,1,0,0,0,0,0,0,0,0,0,0,0,0,0,0
710,2337,0,1,0,0,0,0,0,0,0,0,0,0,0,0,0,0
711,1693,0,0,0,0,1,0,0,1,0,0,1,0,0,0,0,0
713,1909,0,1,0,0,0,0,0,0,0,0,0,0,0,0,0,0
713,2485,0,1,0,0,0,0,0,0,0,0,0,0,0,0,0,0
739,1700,0,0,0,0,1,0,0,1,0,0,1,0,0,0,0,0
772,1141,0,1,0,0,0,0,0,0,0,0,0,0,0,0,0,0
787,2058,0,0,0,0,1,0,0,1,0,0,1,0,0,0,0,0
788,2078,0,0,0,0,1,0,0,1,0,0,1,0,0,0,0,0
799,2512,0,1,0,0,0,0,0,0,0,0,0,0,0,0,0,0
827,1815,0,0,0,1,0,0,1,0,0,0,0,0,0,0,0,1
827,1830,0,0,0,1,0,0,1,0,0,0,0,0,0,0,0,1
840,1044,0,1,0,0,0,0,0,0,0,0,0,0,0,0,0,0
866,2028,0,0,0,0,1,0,0,1,0,0,1,0,0,0,0,0
869,2048,0,0,0,0,0,1,0,0,1,0,0,0,0,1,0,1
872,2049,0,0,0,1,0,0,1,0,0,0,0,0,0,0,0,1
879,2143,0,0,0,1,0,0,1,0,0,0,0,0,0,0,0,1
881,1677,0,0,0,1,0,0,1,0,0,0,0,0,0,0,0,1
882,2147,0,0,0,1,0,0,1,0,0,0,0,0,0,0,0,1
887,1675,0,0,0,1,0,0,1,0,0,0,0,0,0,0,0,1
907,1144,0,0,0,0,0,0,0,0,0,0,0,0,0,1,0,0
911,945,0,0,0,1,0,0,1,0,0,0,0,1,0,0,0,0
911,948,0,0,0,0,0,1,0,0,1,0,0,0,0,1,0,0
917,2589,0,1,0,0,0,0,0,0,0,0,0,0,0,0,0,0
919,568,0,1,0,0,0,0,0,0,0,0,0,0,0,0,0,0
921,958,0,0,0,0,0,1,0,0,1,0,0,0,0,1,0,0
921,960,0,0,0,0,0,1,0,0,1,0,0,0,0,1,0,0
943,937,0,1,0,0,0,0,0,0,0,0,0,0,0,0,0,0
961,1338,0,1,0,0,0,0,0,0,0,0,0,0,0,0,0,0
974,3226,0,1,0,0,0,0,0,0,0,0,0,0,0,0,0,0
984,2312,0,1,0,0,0,0,0,0,0,0,0,0,0,0,0,0
1012,897,1,0,0,0,0,0,0,0,0,0,0,0,0,0,0,0
1029,2402,0,0,0,0,0,0,0,0,0,0,0,0,1,0,0,0
1031,2402,0,0,0,0,0,0,0,0,0,0,0,0,1,0,0,0
1037,2388,0,0,0,0,1,0,0,0,0,1,0,0,0,0,0,0
1040,2416,0,0,0,0,0,0,0,0,0,0,0,0,1,0,0,0
1040,2417,0,0,0,0,0,0,0,0,0,0,0,0,1,0,0,0
1040,2418,0,0,0,0,0,0,0,0,0,0,0,0,1,0,0,0
1041,2416,0,0,0,0,0,0,0,0,0,0,0,0,1,0,0,0
1041,2417,0,0,0,0,0,0,0,0,0,0,0,0,1,0,0,0
1041,2418,0,0,0,0,0,0,0,0,0,0,0,0,1,0,0,0
1077,2533,0,0,1,0,0,0,0,0,0,0,0,0,0,0,0,0
1083,878,1,0,0,0,0,0,0,0,0,0,0,0,0,0,0,0
1105,810,1,0,0,0,0,0,0,0,0,0,0,0,0,0,0,0
1106,734,1,0,0,0,0,0,0,0,0,0,0,0,0,0,0,0
1116,1915,0,0,1,0,0,0,0,0,0,0,0,0,0,0,0,0
1120,698,1,0,0,0,0,0,0,0,0,0,0,0,0,0,0,0
1123,2979,0,0,1,0,0,0,0,0,0,0,0,0,0,0,0,0
1132,732,1,0,0,0,0,0,0,0,0,0,0,0,0,0,0,0
1138,809,1,0,0,0,0,0,0,0,0,0,0,0,0,0,0,0
1166,2978,0,0,0,1,0,0,0,1,0,0,0,0,0,1,0,0
1166,2985,0,0,0,1,0,0,0,1,0,0,0,0,0,1,0,0
1167,754,1,0,0,0,0,0,0,0,0,0,0,0,0,0,0,0
1173,770,1,0,0,0,0,0,0,0,0,0,0,0,0,0,0,0
1189,2417,0,0,1,0,0,0,0,0,0,0,0,0,0,0,0,0
1212,775,1,0,0,0,0,0,0,0,0,0,0,0,0,0,0,0
1217,964,1,0,0,0,0,0,0,0,0,0,0,0,0,0,0,0
1218,960,1,0,0,0,0,0,0,0,0,0,0,0,0,0,0,0
1218,962,1,0,0,0,0,0,0,0,0,0,0,0,0,0,0,0
1219,959,1,0,0,0,0,0,0,0,0,0,0,0,0,0,0,0
1219,962,1,0,0,0,0,0,0,0,0,0,0,0,0,0,0,0
1220,958,1,0,0,0,0,0,0,0,0,0,0,0,0,0,0,0
1220,959,1,0,0,0,0,0,0,0,0,0,0,0,0,0,0,0
1231,785,1,0,0,0,0,0,0,0,0,0,0,0,0,0,0,0
1239,3000,0,0,1,0,0,0,0,0,0,0,0,0,0,0,0,0
1255,923,1,0,0,0,0,0,0,0,0,0,0,0,0,0,0,0
1305,787,1,0,0,0,0,0,0,0,0,0,0,0,0,0,0,0
1314,719,1,0,0,0,0,0,0,0,0,0,0,0,0,0,0,0
1316,806,1,0,0,0,0,0,0,0,0,0,0,0,0,0,0,0
1318,789,1,0,0,0,0,0,0,0,0,0,0,0,0,0,0,0
1335,787,1,0,0,0,0,0,0,0,0,0,0,0,0,0,0,0
1359,2999,0,0,0,0,0,0,0,0,0,0,0,0,0,1,0,0
1361,2999,0,0,0,0,0,0,0,0,0,0,0,0,0,1,0,0
1362,2805,0,0,0,1,0,0,1,0,0,0,0,0,0,0,1,0
1364,808,1,0,0,0,0,0,0,0,0,0,0,0,0,0,0,0
1367,2794,0,0,0,1,0,0,1,0,0,0,0,0,0,0,0,1
1367,2797,0,0,0,1,0,0,1,0,0,0,0,0,0,0,0,1
1397,1392,0,0,0,0,0,0,0,0,0,1,0,0,0,0,0,0
1404,2593,0,1,0,0,0,0,0,0,0,0,0,0,0,0,0,0
1407,1311,0,0,0,0,0,0,0,0,0,0,0,0,1,0,0,0
1407,1312,0,0,0,0,0,0,0,0,0,0,0,0,1,0,0,0
1408,1311,0,0,0,0,0,1,0,0,0,0,0,0,1,0,0,0
1408,1312,0,0,0,0,0,1,0,0,0,0,0,0,1,0,0,0
1410,1313,0,0,0,0,1,0,0,0,0,0,0,0,1,0,0,0
1417,1315,0,0,0,0,1,0,0,0,0,0,0,0,1,0,0,0
1419,1316,0,0,0,0,0,1,0,0,0,0,0,0,1,0,0,0
1419,1317,0,0,0,0,0,1,0,0,0,0,0,0,1,0,0,0
1422,1318,0,0,0,0,0,1,0,0,0,1,0,0,0,0,0,0
1436,1324,0,0,0,0,0,1,0,0,0,1,0,0,0,0,0,0
1442,2681,0,0,0,0,0,0,0,0,0,0,0,0,0,1,0,0
1442,2682,0,0,0,0,0,0,0,0,0,0,0,0,0,1,0,0
1443,2681,0,0,0,0,0,0,0,0,0,0,1,0,0,0,0,0
1445,1312,0,0,0,0,1,0,0,0,0,0,0,0,1,0,0,0
1445,1322,0,0,0,0,1,0,0,0,0,0,0,0,1,0,0,0
1448,2326,0,1,0,0,0,0,0,0,0,0,0,0,0,0,0,0
1470,3016,0,1,0,0,0,0,0,0,0,0,0,0,0,0,0,0
1481,1767,0,0,0,1,0,0,1,0,0,0,0,0,0,0,1,0
1482,988,0,1,0,0,0,0,0,0,0,0,0,0,0,0,0,0
1483,1765,0,0,0,1,0,0,1,0,0,0,0,0,0,0,1,0
1501,1015,0,0,0,0,0,1,0,0,1,0,1,0,0,0,0,0
1501,1034,0,0,0,0,1,0,0,1,0,0,1,0,0,0,0,0
1512,1712,0,0,1,0,0,0,0,0,0,0,0,0,0,0,0,0
1515,1013,0,0,0,1,0,0,0,1,0,0,1,0,0,0,0,0
1519,1184,0,0,1,0,0,0,0,0,0,0,0,0,0,0,0,0
1526,1533,0,0,1,0,0,0,0,0,0,0,0,0,0,0,0,0
1527,2632,0,0,0,1,0,0,0,1,0,0,0,0,0,1,0,0
1534,2632,0,0,0,1,0,0,0,1,0,0,0,0,0,1,0,0
1542,2906,0,0,1,0,0,0,0,0,0,0,0,0,0,0,0,0
1545,1874,0,0,0,1,0,0,0,1,0,0,0,0,0,1,0,0
1547,1872,0,0,0,1,0,0,0,1,0,0,0,0,0,1,0,0
1557,890,0,0,0,1,0,0,0,0,1,0,0,0,0,1,0,1
1561,2338,0,0,0,0,0,0,0,0,0,0,0,0,0,1,0,0
1563,2338,0,0,0,0,0,0,0,0,0,0,0,0,0,1,0,0
1568,890,0,0,0,1,0,0,1,0,0,0,0,0,0,0,0,1
1580,1667,0,0,0,1,0,0,0,1,0,0,0,0,0,1,0,0
1580,1681,0,0,0,1,0,0,0,1,0,0,0,0,0,1,0,0
1584,1849,0,1,0,0,0,0,0,0,0,0,0,0,0,0,0,0
1586,1301,0,1,0,0,0,0,0,0,0,0,0,0,0,0,0,0
1587,2075,0,0,0,1,0,0,1,0,0,0,0,1,0,0,0,0
1591,1952,0,1,0,0,0,0,0,0,0,0,0,0,0,0,0,0
1594,2070,0,0,0,1,0,0,1,0,0,0,0,0,0,0,0,1
1594,2075,0,0,0,1,0,0,1,0,0,0,0,0,0,0,0,1
1610,1413,0,1,0,0,0,0,0,0,0,0,0,0,0,0,0,0
1627,1506,0,1,0,0,0,0,0,0,0,0,0,0,0,0,0,0
1632,1599,0,1,0,0,0,0,0,0,0,0,0,0,0,0,0,0
1707,1983,0,0,0,1,0,0,1,0,0,0,0,1,0,0,0,0
1707,1989,0,0,0,1,0,0,1,0,0,0,0,0,0,0,0,1
1707,1994,0,0,0,0,0,1,0,0,1,0,0,0,0,1,0,1
1711,803,0,0,0,1,0,0,1,0,0,0,0,1,0,0,0,0
1711,809,0,0,0,1,0,0,1,0,0,0,0,1,0,0,0,0
1727,2597,0,0,0,0,1,0,0,1,0,0,0,0,0,1,0,0
1729,2748,0,0,0,1,0,0,1,0,0,0,0,0,0,0,1,0
1729,2752,0,0,0,1,0,0,1,0,0,0,0,0,0,0,1,0
1734,2744,0,0,0,1,0,0,1,0,0,0,0,1,0,0,0,0
1745,2580,0,0,0,0,1,0,0,1,0,0,1,0,0,0,0,0
1753,2055,0,1,0,0,0,0,0,0,0,0,0,0,0,0,0,0
1794,2462,0,0,0,1,0,0,1,0,0,0,0,0,0,0,0,1
1794,2471,0,0,0,1,0,0,1,0,0,0,0,0,0,0,0,1
1809,860,0,1,0,0,0,0,0,0,0,0,0,0,0,0,0,0
1829,1281,0,0,0,1,0,0,1,0,0,0,0,0,0,0,0,1
1830,2072,0,1,0,0,0,0,0,0,0,0,0,0,0,0,0,0
1834,1279,0,0,0,1,0,0,1,0,0,0,0,0,0,0,0,1
1848,860,0,1,0,0,0,0,0,0,0,0,0,0,0,0,0,0
1858,438,0,1,0,0,0,0,0,0,0,0,0,0,0,0,0,0
1868,1185,0,1,0,0,0,0,0,0,0,0,0,0,0,0,0,0
1886,3019,0,1,0,0,0,0,0,0,0,0,0,0,0,0,0,0
1888,2113,0,1,0,0,0,0,0,0,0,0,0,0,0,0,0,0
1939,1580,0,1,0,0,0,0,0,0,0,0,0,0,0,0,0,0
1951,2846,0,1,0,0,0,0,0,0,0,0,0,0,0,0,0,0
1965,2580,0,1,0,0,0,0,0,0,0,0,0,0,0,0,0,0
1972,1567,0,1,0,0,0,0,0,0,0,0,0,0,0,0,0,0
1996,1272,0,1,0,0,0,0,0,0,0,0,0,0,0,0,0,0
2000,1331,0,1,0,0,0,0,0,0,0,0,0,0,0,0,0,0
2004,2108,0,0,0,0,1,0,0,1,0,0,0,0,0,1,0,0
2012,1566,0,1,0,0,0,0,0,0,0,0,0,0,0,0,0,0
2020,2094,0,0,0,0,1,0,0,1,0,0,0,0,0,1,0,0
2034,2577,0,1,0,0,0,0,0,0,0,0,0,0,0,0,0,0
2044,1616,0,0,0,1,0,0,1,0,0,0,0,0,0,0,1,0
2048,1616,0,0,0,1,0,0,1,0,0,0,0,0,0,0,0,1
2049,1625,0,0,0,1,0,0,1,0,0,0,0,0,0,0,0,1
2068,901,0,1,0,0,0,0,0,0,0,0,0,0,0,0,0,0
2089,989,0,1,0,0,0,0,0,0,0,0,0,0,0,0,0,0
2092,1877,0,1,0,0,0,0,0,0,0,0,0,0,0,0,0,0
2141,2036,0,0,0,1,0,0,1,0,0,0,0,0,0,0,0,1
2141,2039,0,0,0,1,0,0,1,0,0,0,0,0,0,0,0,1
2146,2447,0,1,0,0,0,0,0,0,0,0,0,0,0,0,0,0
2146,2505,0,1,0,0,0,0,0,0,0,0,0,0,0,0,0,0
2156,1075,0,1,0,0,0,0,0,0,0,0,0,0,0,0,0,0
2182,1285,0,0,0,0,1,0,0,1,0,0,0,0,0,1,0,0
2202,1285,0,0,0,0,1,0,0,1,0,0,0,0,0,1,0,0
2232,805,0,0,0,1,0,0,1,0,0,0,0,0,0,0,1,0
2232,2174,0,0,0,1,0,0,1,0,0,0,0,0,0,0,0,1
2232,2178,0,0,0,1,0,0,1,0,0,0,0,0,0,0,0,1
2235,805,0,0,0,1,0,0,1,0,0,0,0,0,0,0,1,0
2299,1727,0,1,0,0,0,0,0,0,0,0,0,0,0,0,0,0
2306,1931,0,0,0,1,0,0,1,0,0,0,0,1,0,0,0,0
2306,1937,0,0,0,1,0,0,1,0,0,0,0,1,0,0,0,0
2311,1860,0,1,0,0,0,0,0,0,0,0,0,0,0,0,0,0
