30,2325,0,0,0,1,0,0,1,0,0,0,0,0,0,0,0,1
36,2744,0,1,0,0,0,0,0,0,0,0,0,0,0,0,0,0
44,2325,0,0,0,1,0,0,1,0,0,0,0,0,0,0,0,1
61,874,0,1,0,0,0,0,0,0,0,0,0,0,0,0,0,0
84,2131,0,0,0,1,0,0,1,0,0,0,0,0,0,0,0,1
98,2131,0,0,0,1,0,0,1,0,0,0,0,0,0,0,0,1
130,1708,0,1,0,0,0,0,0,0,0,0,0,0,0,0,0,0
151,2160,0,1,0,0,0,0,0,0,0,0,0,0,0,0,0,0
180,1941,0,0,0,0,0,0,0,0,0,0,0,0,0,1,0,0
181,1941,0,0,0,0,0,0,0,0,0,0,0,0,0,1,0,0
213,1392,0,0,0,0,0,0,0,0,0,0,0,0,0,1,0,0
213,1393,0,0,0,0,0,0,0,0,0,0,0,0,0,1,0,0
214,1393,0,0,0,0,0,0,0,0,0,0,0,0,0,1,0,0
217,2744,0,0,0,0,1,0,0,1,0,0,1,0,0,0,0,0
219,2223,0,1,0,0,0,0,0,0,0,0,0,0,0,0,0,0
224,1801,0,1,0,0,0,0,0,0,0,0,0,0,0,0,0,0
242,2110,0,0,0,1,0,0,1,0,0,0,0,0,0,0,0,1
245,2110,0,0,0,1,0,0,1,0,0,0,0,0,0,0,0,1
247,2739,0,0,0,0,0,1,0,0,1,0,0,0,0,1,0,1
258,2739,0,0,0,1,0,0,1,0,0,0,0,0,0,0,0,1
299,456,0,1,0,0,0,0,0,0,0,0,0,0,0,0,0,0
311,1751,0,0,0,1,0,0,1,0,0,0,0,0,0,0,0,1
312,1683,0,0,0,0,1,0,0,1,0,0,1,0,0,0,0,0
312,1761,0,0,0,1,0,0,1,0,0,0,0,0,0,0,0,1
312,1852,0,1,0,0,0,0,0,0,0,0,0,0,0,0,0,0
332,1953,0,0,0,1,0,0,1,0,0,0,0,0,0,0,0,1
339,1679,0,0,0,0,1,0,0,1,0,0,1,0,0,0,0,0
345,1956,0,0,0,1,0,0,1,0,0,0,0,0,0,0,0,1
351,519,0,1,0,0,0,0,0,0,0,0,0,0,0,0,0,0
353,917,0,1,0,0,0,0,0,0,0,0,0,0,0,0,0,0
385,1601,0,0,0,0,0,0,0,0,0,0,0,0,1,0,0,0
386,1600,0,0,0,0,0,0,0,0,0,0,0,0,1,0,0,0
386,1601,0,0,0,0,0,0,0,0,0,1,0,0,0,0,0,0
403,1722,0,0,1,0,0,0,0,0,0,0,0,0,0,0,0,0
408,1550,0,0,0,0,0,0,0,0,0,0,0,0,1,0,0,0
408,3168,0,0,0,1,0,0,0,1,0,0,0,0,0,1,0,0
409,1549,0,0,0,0,0,0,0,0,0,0,0,0,1,0,0,0
409,1550,0,0,0,0,0,0,0,0,0,1,0,0,0,0,0,0
419,3168,0,0,0,1,0,0,0,1,0,0,0,0,0,1,0,0
420,2667,0,1,0,0,0,0,0,0,0,0,0,0,0,0,0,0
426,1461,0,0,0,1,0,0,0,1,0,0,0,0,0,1,0,0
429,2184,0,1,0,0,0,0,0,0,0,0,0,0,0,0,0,0
430,1461,0,0,0,1,0,0,0,1,0,0,0,0,0,1,0,0
435,1239,0,0,0,1,0,0,0,0,1,0,0,0,0,1,0,1
441,1227,0,0,0,1,0,0,1,0,0,0,0,0,0,0,0,1
495,2656,0,0,0,1,0,0,1,0,0,0,0,0,0,0,0,1
495,2861,0,1,0,0,0,0,0,0,0,0,0,0,0,0,0,0
501,2656,0,0,0,1,0,0,1,0,0,0,0,0,0,0,0,1
503,997,0,0,0,0,1,0,0,0,0,1,0,0,0,0,0,0
511,1001,0,0,0,0,1,0,0,0,0,1,0,0,0,0,0,0
511,3203,0,0,0,1,0,0,1,0,0,0,0,0,0,0,1,0
511,3217,0,0,0,1,0,0,1,0,0,0,0,0,0,0,1,0
515,832,0,1,0,0,0,0,0,0,0,0,0,0,0,0,0,0
517,2370,0,0,0,1,0,0,1,0,0,0,0,0,0,0,0,1
520,996,0,0,0,0,1,0,0,0,0,0,0,0,1,0,0,0
520,999,0,0,0,0,1,0,0,0,0,0,0,0,1,0,0,0
526,2370,0,0,0,0,0,1,0,0,1,0,0,0,0,1,0,1
527,993,0,0,0,0,1,0,0,0,0,1,0,0,0,0,0,0
530,993,0,0,0,0,1,0,0,0,0,1,0,0,0,0,0,0
530,2988,0,1,0,0,0,0,0,0,0,0,0,0,0,0,0,0
534,1922,0,0,1,0,0,0,0,0,0,0,0,0,0,0,0,0
537,1234,0,0,1,0,0,0,0,0,0,0,0,0,0,0,0,0
542,2365,0,0,0,0,1,0,0,1,0,0,1,0,0,0,0,0
546,1986,0,1,0,0,0,0,0,0,0,0,0,0,0,0,0,0
547,735,0,0,0,0,1,0,0,1,0,0,0,0,0,1,0,0
547,756,0,0,0,0,1,0,0,1,0,0,0,0,0,1,0,0
572,2042,0,0,1,0,0,0,0,0,0,0,0,0,0,0,0,0
586,1722,0,0,1,0,0,0,0,0,0,0,0,0,0,0,0,0
600,2230,0,1,0,0,0,0,0,0,0,0,0,0,0,0,0,0
605,591,0,0,1,0,0,0,0,0,0,0,0,0,0,0,0,0
616,2895,0,0,0,0,1,0,0,0,0,0,0,0,1,0,0,0
622,2904,0,0,0,0,1,0,0,0,0,0,0,0,1,0,0,0
625,2911,0,0,0,0,1,0,0,0,0,0,0,0,1,0,0,0
625,2915,0,0,0,0,1,0,0,0,0,0,0,0,1,0,0,0
627,2904,0,0,0,0,1,0,0,0,0,1,0,0,0,0,0,0
628,1482,0,0,0,0,1,0,0,1,0,0,1,0,0,0,0,0
628,1507,0,0,0,0,1,0,0,1,0,0,1,0,0,0,0,0
632,1350,0,1,0,0,0,0,0,0,0,0,0,0,0,0,0,0
664,1996,0,0,0,1,0,0,1,0,0,0,0,0,0,0,0,1
664,2007,0,0,0,1,0,0,1,0,0,0,0,0,0,0,0,1
682,2208,0,0,0,1,0,0,1,0,0,0,0,0,0,0,0,1
686,2208,0,0,0,1,0,0,1,0,0,0,0,0,0,0,0,1
696,1274,0,1,0,0,0,0,0,0,0,0,0,0,0,0,0,0
699,2995,0,1,0,0,0,0,0,0,0,0,0,0,0,0,0,0
702,1730,0,0,0,0,1,0,0,1,0,0,0,0,0,1,0,0
713,2441,0,1,0,0,0,0,0,0,0,0,0,0,0,0,0,0
717,1720,0,0,0,0,1,0,0,1,0,0,0,0,0,1,0,0
720,849,0,0,1,0,0,0,0,0,0,0,0,0,0,0,0,0
724,1976,0,0,0,1,0,0,0,1,0,0,1,0,0,0,0,0
727,1967,0,0,0,1,0,0,0,1,0,0,1,0,0,0,0,0
745,1141,0,0,1,0,0,0,0,0,0,0,0,0,0,0,0,0
756,1620,0,0,1,0,0,0,0,0,0,0,0,0,0,0,0,0
762,2352,0,1,0,0,0,0,0,0,0,0,0,0,0,0,0,0
763,1504,0,0,0,0,1,0,0,1,0,0,0,0,0,1,0,0
763,2457,0,1,0,0,0,0,0,0,0,0,0,0,0,0,0,0
772,1483,0,0,0,0,1,0,0,1,0,0,0,0,0,1,0,0
780,2548,0,1,0,0,0,0,0,0,0,0,0,0,0,0,0,0
783,1420,0,1,0,0,0,0,0,0,0,0,0,0,0,0,0,0
794,1277,0,0,0,1,0,0,0,0,0,0,0,0,1,0,0,0
794,1688,0,1,0,0,0,0,0,0,0,0,0,0,0,0,0,0
798,1277,0,0,0,1,0,0,0,0,0,0,0,0,1,0,0,0
798,2477,0,1,0,0,0,0,0,0,0,0,0,0,0,0,0,0
802,588,0,0,0,1,0,0,1,0,0,0,0,0,0,0,0,1
802,695,0,1,0,0,0,0,0,0,0,0,0,0,0,0,0,0
803,577,0,0,0,1,0,0,1,0,0,0,0,0,0,0,0,1
804,1056,0,1,0,0,0,0,0,0,0,0,0,0,0,0,0,0
840,1221,0,0,0,0,0,0,0,0,0,1,0,0,0,0,0,0
840,1432,0,1,0,0,0,0,0,0,0,0,0,0,0,0,0,0
859,3014,0,1,0,0,0,0,0,0,0,0,0,0,0,0,0,0
866,2031,0,1,0,0,0,0,0,0,0,0,0,0,0,0,0,0
868,1934,0,0,0,1,0,0,1,0,0,0,0,0,0,0,0,1
873,1932,0,0,0,1,0,0,1,0,0,0,0,0,0,0,0,1
881,1165,0,0,0,0,1,0,0,0,0,0,0,0,1,0,0,0
894,1159,0,1,0,0,1,0,0,0,0,0,0,0,0,0,0,0
903,1339,0,1,0,0,0,0,0,0,0,0,0,0,0,0,0,0
915,2962,0,0,0,0,1,0,0,1,0,0,0,0,0,1,0,0
916,3018,0,1,0,0,0,0,0,0,0,0,0,0,0,0,0,0
917,1381,0,1,0,0,0,0,0,0,0,0,0,0,0,0,0,0
918,2946,0,0,0,0,1,0,0,1,0,0,0,0,0,1,0,0
929,2865,0,1,0,0,0,0,0,0,0,0,0,0,0,0,0,0
942,1729,0,0,0,1,0,0,1,0,0,0,0,0,0,0,1,0
944,846,0,1,0,0,0,0,0,0,0,0,0,0,0,0,0,0
948,1722,0,0,0,1,0,0,1,0,0,0,0,1,0,0,0,0
948,1727,0,0,0,1,0,0,1,0,0,0,0,0,0,0,1,0
961,1641,0,0,0,1,0,0,1,0,0,0,0,0,0,0,0,1
966,1641,0,0,0,1,0,0,1,0,0,0,0,0,0,0,0,1
969,2137,0,1,0,0,0,0,0,0,0,0,0,0,0,0,0,0
978,1597,0,1,0,0,0,0,0,0,0,0,0,0,0,0,0,0
988,2648,1,0,0,0,0,0,0,0,0,0,0,0,0,0,0,0
988,2649,1,0,0,0,0,0,0,0,0,0,0,0,0,0,0,0
989,2648,1,0,0,0,0,0,0,0,0,0,0,0,0,0,0,0
989,2649,1,0,0,0,0,0,0,0,0,0,0,0,0,0,0,0
990,2792,0,1,0,0,0,0,0,0,0,0,0,0,0,0,0,0
992,2651,1,0,0,0,0,0,0,0,0,0,0,0,0,0,0,0
993,1990,0,0,0,0,1,0,0,0,0,1,0,0,0,0,0,0
1010,2615,1,0,0,0,0,0,0,0,0,0,0,0,0,0,0,0
1010,2616,1,0,0,0,0,0,0,0,0,0,0,0,0,0,0,0
1011,1997,0,0,0,0,0,1,0,0,0,0,0,0,1,0,0,0
1011,2000,0,0,0,1,0,0,0,0,0,0,0,0,1,0,0,0
1011,2614,1,0,0,0,0,0,0,0,0,0,0,0,0,0,0,0
1011,2615,1,0,0,0,0,0,0,0,0,0,0,0,0,0,0,0
1011,2616,1,0,0,0,0,0,0,0,0,0,0,0,0,0,0,0
1012,2612,1,0,0,0,0,0,0,0,0,0,0,0,0,0,0,0
1012,2613,1,0,0,0,0,0,0,0,0,0,0,0,0,0,0,0
1013,2610,1,0,0,0,0,0,0,0,0,0,0,0,0,0,0,0
1013,2611,1,0,0,0,0,0,0,0,0,0,0,0,0,0,0,0
1014,2609,1,0,0,0,0,0,0,0,0,0,0,0,0,0,0,0
1014,2610,1,0,0,0,0,0,0,0,0,0,0,0,0,0,0,0
1015,1136,0,1,0,0,0,0,0,0,0,0,0,0,0,0,0,0
1015,2609,1,0,0,0,0,0,0,0,0,0,0,0,0,0,0,0
1031,2781,1,0,0,0,0,0,0,0,0,0,0,0,0,0,0,0
1035,2781,1,0,0,0,0,0,0,0,0,0,0,0,0,0,0,0
1037,2737,1,0,0,0,0,0,0,0,0,0,0,0,0,0,0,0
1037,2754,1,0,0,0,0,0,0,0,0,0,0,0,0,0,0,0
1038,2701,1,0,0,0,0,0,0,0,0,0,0,0,0,0,0,0
1038,2724,1,0,0,0,0,0,0,0,0,0,0,0,0,0,0,0
1038,2726,1,0,0,0,0,0,0,0,0,0,0,0,0,0,0,0
1050,1941,0,0,0,0,0,0,0,0,0,1,0,0,0,0,0,0
1050,2561,1,0,0,0,0,0,0,0,0,0,0,0,0,0,0,0
1053,1427,0,1,0,0,0,0,0,0,0,0,0,0,0,0,0,0
1062,2533,1,0,0,0,0,0,0,0,0,0,0,0,0,0,0,0
1065,2584,1,0,0,0,0,0,0,0,0,0,0,0,0,0,0,0
1067,2642,1,0,0,0,0,0,0,0,0,0,0,0,0,0,0,0
1071,2809,1,0,0,0,0,0,0,0,0,0,0,0,0,0,0,0
1075,2790,1,0,0,0,0,0,0,0,0,0,0,0,0,0,0,0
1076,2653,1,0,0,0,0,0,0,0,0,0,0,0,0,0,0,0
1083,2916,0,1,0,0,0,0,0,0,0,0,0,0,0,0,0,0
1088,2788,1,0,0,0,0,0,0,0,0,0,0,0,0,0,0,0
1099,2492,1,0,0,0,0,0,0,0,0,0,0,0,0,0,0,0
1103,2745,1,0,0,0,0,0,0,0,0,0,0,0,0,0,0,0
1103,2753,1,0,0,0,0,0,0,0,0,0,0,0,0,0,0,0
1114,2728,1,0,0,0,0,0,0,0,0,0,0,0,0,0,0,0
1121,2728,1,0,0,0,0,0,0,0,0,0,0,0,0,0,0,0
1124,2729,1,0,0,0,0,0,0,0,0,0,0,0,0,0,0,0
1125,2973,0,1,0,0,0,0,0,0,0,0,0,0,0,0,0,0
1128,2703,1,0,0,0,0,0,0,0,0,0,0,0,0,0,0,0
1128,2705,1,0,0,0,0,0,0,0,0,0,0,0,0,0,0,0
1131,2684,1,0,0,0,0,0,0,0,0,0,0,0,0,0,0,0
1158,2656,1,0,0,0,0,0,0,0,0,0,0,0,0,0,0,0
1158,2657,1,0,0,0,0,0,0,0,0,0,0,0,0,0,0,0
1159,2656,1,0,0,0,0,0,0,0,0,0,0,0,0,0,0,0
1188,2835,1,0,0,0,0,0,0,0,0,0,0,0,0,0,0,0
1199,2348,0,0,0,0,0,0,0,0,0,1,0,0,0,0,0,0
1201,2348,0,0,0,0,0,0,0,0,0,1,0,0,0,0,0,0
1213,2634,1,0,0,0,0,0,0,0,0,0,0,0,0,0,0,0
1226,3237,0,0,0,1,0,0,1,0,0,0,0,0,0,0,0,1
1226,3243,0,0,0,1,0,0,1,0,0,0,0,0,0,0,0,1
1230,2395,0,0,0,1,0,0,0,0,0,0,0,0,1,0,0,0
1230,2401,0,0,0,1,0,0,0,0,0,0,0,0,1,0,0,0
1236,2634,1,0,0,0,0,0,0,0,0,0,0,0,0,0,0,0
1259,2514,1,0,0,0,0,0,0,0,0,0,0,0,0,0,0,0
1264,2534,1,0,0,0,0,0,0,0,0,0,0,0,0,0,0,0
1276,2553,1,0,0,0,0,0,0,0,0,0,0,0,0,0,0,0
1280,437,0,1,0,0,0,0,0,0,0,0,0,0,0,0,0,0
1292,2647,1,0,0,0,0,0,0,0,0,0,0,0,0,0,0,0
1294,2960,0,1,0,0,0,0,0,0,0,0,0,0,0,0,0,0
1295,2681,1,0,0,0,0,0,0,0,0,0,0,0,0,0,0,0
1296,2719,1,0,0,0,0,0,0,0,0,0,0,0,0,0,0,0
1296,2728,1,0,0,0,0,0,0,0,0,0,0,0,0,0,0,0
1300,2658,1,0,0,0,0,0,0,0,0,0,0,0,0,0,0,0
1300,2672,1,0,0,0,0,0,0,0,0,0,0,0,0,0,0,0
1301,2748,1,0,0,0,0,0,0,0,0,0,0,0,0,0,0,0
1326,2639,1,0,0,0,0,0,0,0,0,0,0,0,0,0,0,0
1333,483,0,0,0,1,0,0,1,0,0,0,0,0,0,0,0,1
1336,483,0,0,0,1,0,0,1,0,0,0,0,0,0,0,0,1
1342,1455,0,1,0,0,0,0,0,0,0,0,0,0,0,0,0,0
1358,1113,0,1,0,0,0,0,0,0,0,0,0,0,0,0,0,0
1358,3187,0,1,0,0,0,0,0,0,0,0,0,0,0,0,0,0
1380,2623,1,0,0,0,0,0,0,0,0,0,0,0,0,0,0,0
1382,2905,0,1,0,0,0,0,0,0,0,0,0,0,0,0,0,0
1391,1231,0,0,0,1,0,0,1,0,0,0,0,0,0,0,0,1
1394,1231,0,0,0,1,0,0,1,0,0,0,0,0,0,0,0,1
1423,1294,0,1,0,0,0,0,0,0,0,0,0,0,0,0,0,0
1456,2377,0,1,0,0,0,0,0,0,0,0,0,0,0,0,0,0
1467,1219,0,1,0,0,0,0,0,0,0,0,0,0,0,0,0,0
1485,634,0,1,0,0,0,0,0,0,0,0,0,0,0,0,0,0
1494,2466,0,1,0,0,0,0,0,0,0,0,0,0,0,0,0,0
1507,1750,0,1,0,0,0,0,0,0,0,0,0,0,0,0,0,0
1514,2072,0,1,0,0,0,0,0,0,0,0,0,0,0,0,0,0
1534,1498,0,0,0,1,0,0,1,0,0,0,0,0,0,0,1,0
1534,1507,0,0,0,1,0,0,1,0,0,0,0,0,0,0,0,1
1541,1359,0,0,0,0,0,0,0,0,0,0,0,0,0,1,0,0
1541,1361,0,0,0,0,0,0,0,0,0,0,0,0,0,1,0,0
1541,1407,0,1,0,0,0,0,0,0,0,0,0,0,0,0,0,0
1542,1510,0,0,0,1,0,0,1,0,0,0,0,0,0,0,0,1
1543,1286,0,1,0,0,0,0,0,0,0,0,0,0,0,0,0,0
1556,2123,0,1,0,0,0,0,0,0,0,0,0,0,0,0,0,0
1565,2462,0,0,0,0,0,0,0,0,0,1,0,0,0,0,0,0
1568,1728,0,0,0,0,1,0,0,0,0,1,0,0,0,0,0,0
1581,1728,0,0,0,0,0,1,0,0,0,0,0,0,1,0,0,0
1582,453,0,1,0,0,0,0,0,0,0,0,0,0,0,0,0,0
1593,2407,0,0,0,1,0,0,0,0,0,0,0,0,1,0,0,0
1594,1737,0,0,0,0,1,0,0,0,0,0,0,0,1,0,0,0
1598,1794,0,0,0,0,1,0,0,0,0,0,0,0,1,0,0,0
1602,1799,0,0,0,0,1,0,0,0,0,0,0,0,1,0,0,0
1604,1810,0,0,0,0,0,1,0,0,0,0,0,0,1,0,0,0
1604,1812,0,0,0,0,0,0,0,0,0,0,0,0,1,0,0,0
1605,2404,0,0,0,0,0,1,0,0,0,1,0,0,0,0,0,0
1609,2373,0,0,0,0,1,0,0,0,0,0,0,0,1,0,0,0
1615,1981,0,1,0,0,0,0,0,0,0,0,0,0,0,0,0,0
1633,2809,0,1,0,0,0,0,0,0,0,0,0,0,0,0,0,0
1642,2185,0,0,0,1,0,0,1,0,0,0,0,0,0,0,0,1
1642,2191,0,0,0,1,0,0,1,0,0,0,0,0,0,0,0,1
1645,1796,0,0,0,0,1,0,0,0,0,1,0,0,0,0,0,0
1649,1796,0,0,0,0,1,0,0,0,0,1,0,0,0,0,0,0
1669,2781,0,1,0,0,0,0,0,0,0,0,0,0,0,0,0,0
1688,2202,0,1,0,0,0,0,0,0,0,0,0,0,0,0,0,0
1692,2890,0,0,0,0,1,0,0,1,0,0,0,0,0,1,0,0
1699,2363,0,0,0,0,1,0,0,1,0,0,1,0,0,0,0,0
1706,1275,0,1,0,0,0,0,0,0,0,0,0,0,0,0,0,0
1712,1382,0,1,0,0,0,0,0,0,0,0,0,0,0,0,0,0
1713,2902,0,0,0,0,1,0,0,1,0,0,0,0,0,1,0,0
1720,2351,0,0,0,0,1,0,0,1,0,0,1,0,0,0,0,0
1765,1850,0,1,0,0,0,0,0,0,0,0,0,0,0,0,0,0
1783,2110,0,1,0,0,0,0,0,0,0,0,0,0,0,0,0,0
1794,3016,0,1,0,0,0,0,0,0,0,0,0,0,0,0,0,0
1796,2308,0,1,0,0,0,0,0,0,0,0,0,0,0,0,0,0
1822,2016,0,1,0,0,0,0,0,0,0,0,0,0,0,0,0,0
1845,1876,0,1,0,0,0,0,0,0,0,0,0,0,0,0,0,0
1854,1647,0,1,0,0,0,0,0,0,0,0,0,0,0,0,0,0
1859,838,0,1,0,0,0,0,0,0,0,0,0,0,0,0,0,0
1906,2737,0,1,0,0,0,0,0,0,0,0,0,0,0,0,0,0
1913,2344,0,1,0,0,0,0,0,0,0,0,0,0,0,0,0,0
1919,1106,0,1,0,0,0,0,0,0,0,0,0,0,0,0,0,0
1924,2099,0,0,0,0,1,0,0,1,0,0,0,0,0,1,0,0
1924,2123,0,0,0,0,1,0,0,1,0,0,1,0,0,0,0,0
1949,2075,0,1,0,0,0,0,0,0,0,0,0,0,0,0,0,0
1952,3136,0,1,0,0,0,0,0,0,0,0,0,0,0,0,0,0
1960,1802,0,0,0,0,1,0,0,1,0,0,0,0,0,1,0,0
1960,1835,0,0,0,0,1,0,0,1,0,0,0,0,0,1,0,0
1962,1495,0,0,1,0,0,0,0,0,0,0,0,0,0,0,0,0
1967,2535,0,0,1,0,0,0,0,0,0,0,0,0,0,0,0,0
1989,1959,0,1,0,0,0,0,0,0,0,0,0,0,0,0,0,0
1996,1726,0,1,0,0,0,0,0,0,0,0,0,0,0,0,0,0
2012,2361,0,0,1,0,0,0,0,0,0,0,0,0,0,0,0,0
2019,2737,0,0,1,0,0,0,0,0,0,0,0,0,0,0,0,0
2047,1530,0,0,1,0,0,0,0,0,0,0,0,0,0,0,0,0
2060,1419,0,0,0,0,1,0,0,1,0,0,0,0,0,1,0,0
2070,2652,0,0,1,0,0,0,0,0,0,0,0,0,0,0,0,0
2080,1408,0,0,0,0,1,0,0,1,0,0,1,0,0,0,0,0
2084,1385,0,0,0,0,1,0,0,1,0,0,0,0,0,1,0,0
2111,2053,0,1,0,0,0,0,0,0,0,0,0,0,0,0,0,0
2120,813,0,0,0,0,0,1,0,0,0,0,0,0,1,0,0,0
2120,814,0,0,0,0,0,1,0,0,0,0,0,0,1,0,0,0
2122,812,0,0,0,0,0,1,0,0,0,1,0,0,0,0,0,0
2124,2404,0,1,0,0,0,0,0,0,0,0,0,0,0,0,0,0
2144,808,0,0,0,0,1,0,0,0,0,0,0,0,1,0,0,0
2150,1347,0,1,0,0,0,0,0,0,0,0,0,0,0,0,0,0
2158,793,0,0,0,0,1,0,0,0,0,0,0,0,1,0,0,0
2158,2049,0,0,0,0,1,0,0,1,0,0,1,0,0,0,0,0
2165,608,0,0,0,1,0,0,0,0,1,0,0,0,0,1,0,0
2166,1849,0,0,1,0,0,0,0,0,0,0,0,0,0,0,0,0
2174,1317,0,1,0,0,0,0,0,0,0,0,0,0,0,0,0,0
2181,607,0,0,0,1,0,0,1,0,0,0,0,0,0,0,1,0
2193,2046,0,0,0,0,1,0,0,1,0,0,1,0,0,0,0,0
2205,2510,0,0,0,1,0,0,1,0,0,0,0,0,0,0,0,1
2205,2513,0,0,0,1,0,0,1,0,0,0,0,0,0,0,0,1
2207,2404,0,1,0,0,0,0,0,0,0,0,0,0,0,0,0,0
2220,1261,0,1,0,0,0,0,0,0,0,0,0,0,0,0,0,0
2247,1731,0,1,0,0,0,0,0,0,0,0,0,0,0,0,0,0
2248,1247,0,1,0,0,0,0,0,0,0,0,0,0,0,0,0,0
2262,750,0,1,0,0,0,0,0,0,0,0,0,0,0,0,0,0
2276,2143,0,1,0,0,0,0,0,0,0,0,0,0,0,0,0,0
2310,2003,0,0,0,1,0,0,1,0,0,0,0,0,0,0,1,0
2310,2006,0,0,0,1,0,0,1,0,0,0,0,0,0,0,1,0
2315,2002,0,0,0,1,0,0,1,0,0,0,0,1,0,0,0,0
