6,2409,0,1,0,0,0,0,0,0,0,0,0,0,0,0,0,0
17,2166,0,0,0,1,0,0,1,0,0,0,0,0,0,0,0,1
23,2166,0,0,0,1,0,0,1,0,0,0,0,0,0,0,0,1
36,1406,0,1,0,0,0,0,0,0,0,0,0,0,0,0,0,0
69,1632,0,1,0,0,0,0,0,0,0,0,0,0,0,0,0,0
72,2820,0,1,0,0,0,0,0,0,0,0,0,0,0,0,0,0
78,1892,0,1,0,0,0,0,0,0,0,0,0,0,0,0,0,0
91,2092,0,1,0,0,0,0,0,0,0,0,0,0,0,0,0,0
94,984,0,1,0,0,0,0,0,0,0,0,0,0,0,0,0,0
95,1035,0,0,0,1,0,0,1,0,0,0,0,0,0,0,0,1
99,1035,0,0,0,1,0,0,1,0,0,0,0,0,0,0,0,1
100,1164,0,1,0,0,0,0,0,0,0,0,0,0,0,0,0,0
100,2409,0,1,0,0,0,0,0,0,0,0,0,0,0,0,0,0
108,1624,0,1,0,0,0,0,0,0,0,0,0,0,0,0,0,0
117,2839,0,1,0,0,0,0,0,0,0,0,0,0,0,0,0,0
148,1931,0,0,0,0,1,0,0,1,0,0,1,0,0,0,0,0
152,721,0,1,0,0,0,0,0,0,0,0,0,0,0,0,0,0
164,764,0,0,0,1,0,0,1,0,0,0,0,0,0,0,0,1
173,764,0,0,0,1,0,0,1,0,0,0,0,0,0,0,0,1
180,1934,0,0,0,0,1,0,0,1,0,0,0,0,0,1,0,0
185,863,0,1,0,0,0,0,0,0,0,0,0,0,0,0,0,0
197,1369,0,1,0,0,0,0,0,0,0,0,0,0,0,0,0,0
201,1714,0,1,0,0,0,0,0,0,0,0,0,0,0,0,0,0
248,2413,0,1,0,0,0,0,0,0,0,0,0,0,0,0,0,0
254,1192,0,1,0,0,0,0,0,0,0,0,0,0,0,0,0,0
263,2243,0,1,0,0,0,0,0,0,0,0,0,0,0,0,0,0
294,1546,0,0,0,0,0,0,0,0,0,1,0,0,0,0,0,0
309,2690,0,0,1,0,0,0,0,0,0,0,0,0,0,0,0,0
318,2376,0,0,0,0,0,1,0,0,1,0,1,0,0,0,0,0
318,2380,0,0,0,1,0,0,1,0,0,0,0,0,0,0,1,0
331,3036,0,1,0,0,0,0,0,0,0,0,0,0,0,0,0,0
332,1574,0,0,0,0,0,0,0,0,0,1,0,0,0,0,0,0
332,2362,0,0,0,0,1,0,0,1,0,0,0,0,0,1,0,0
334,2787,0,0,1,0,0,0,0,0,0,0,0,0,0,0,0,0
335,626,0,1,0,0,0,0,0,0,0,0,0,0,0,0,0,0
335,1535,0,0,0,0,0,0,0,0,0,0,0,0,1,0,0,0
336,1535,0,0,0,0,0,1,0,0,0,0,0,0,1,0,0,0
338,1533,0,0,0,0,1,0,0,0,0,0,0,0,1,0,0,0
340,2239,0,1,0,0,0,0,0,0,0,0,0,0,0,0,0,0
346,1789,0,0,0,0,0,0,0,0,0,0,0,0,1,0,0,0
346,1790,0,0,0,0,0,0,0,0,0,0,0,0,1,0,0,0
347,706,0,1,0,0,0,0,0,0,0,0,0,0,0,0,0,0
347,1789,0,0,0,0,0,0,0,0,0,0,0,0,1,0,0,0
347,1790,0,0,0,0,0,0,0,0,0,0,0,0,1,0,0,0
347,3068,0,0,1,0,0,0,0,0,0,0,0,0,0,0,0,0
349,1369,0,0,1,0,0,0,0,0,0,0,0,0,0,0,0,0
349,1505,0,0,0,0,0,0,0,0,0,0,0,0,1,0,0,0
372,1938,0,0,0,1,0,0,0,0,1,0,1,0,0,0,0,0
372,1949,0,0,0,1,0,0,1,0,0,0,0,1,0,0,0,0
388,1279,0,0,1,0,0,0,0,0,0,0,0,0,0,0,0,0
397,2116,0,0,1,0,0,0,0,0,0,0,0,0,0,0,0,0
415,388,0,1,0,0,0,0,0,0,0,0,0,0,0,0,0,0
434,2326,0,0,0,1,0,0,0,1,0,0,0,0,0,1,0,0
434,2332,0,0,0,0,0,1,0,0,1,0,1,0,0,0,0,0
440,1336,0,0,0,1,0,0,1,0,0,0,0,0,0,0,0,1
441,2344,0,0,0,0,1,0,0,1,0,0,0,0,0,1,0,0
442,2071,0,0,0,0,0,0,0,0,0,0,0,0,0,1,0,0
443,2071,0,0,0,0,0,0,0,0,0,0,0,0,0,1,0,0
451,382,0,1,0,0,0,0,0,0,0,0,0,0,0,0,0,0
458,1336,0,0,0,1,0,0,1,0,0,0,0,0,0,0,0,1
469,1495,0,1,0,0,0,0,0,0,0,0,0,0,0,0,0,0
469,1786,0,1,0,0,0,0,0,0,0,0,0,0,0,0,0,0
491,1342,0,1,0,0,0,0,0,0,0,0,0,0,0,0,0,0
494,1480,0,1,0,0,0,0,0,0,0,0,0,0,0,0,0,0
518,292,0,0,0,0,1,0,0,1,0,0,1,0,0,0,0,0
529,2690,0,1,0,0,0,0,0,0,0,0,0,0,0,0,0,0
531,856,0,0,0,1,0,0,1,0,0,0,0,0,0,0,0,1
535,856,0,0,0,1,0,0,1,0,0,0,0,0,0,0,0,1
536,2216,0,0,0,0,1,0,0,1,0,0,1,0,0,0,0,0
536,2247,0,0,0,0,1,0,0,1,0,0,0,0,0,1,0,0
550,292,0,0,0,0,1,0,0,1,0,0,1,0,0,0,0,0
551,2785,0,1,0,0,0,0,0,0,0,0,0,0,0,0,0,0
554,1841,0,1,0,0,0,0,0,0,0,0,0,0,0,0,0,0
602,2104,0,1,0,0,0,0,0,0,0,0,0,0,0,0,0,0
609,920,0,1,0,0,0,0,0,0,0,0,0,0,0,0,0,0
613,652,0,1,0,0,0,0,0,0,0,0,0,0,0,0,0,0
614,691,0,1,0,0,0,0,0,0,0,0,0,0,0,0,0,0
621,1136,0,0,0,0,1,0,0,0,0,1,0,0,0,0,0,0
623,2644,0,1,0,0,0,0,0,0,0,0,0,0,0,0,0,0
623,2695,0,1,0,0,0,0,0,0,0,0,0,0,0,0,0,0
633,805,0,1,0,0,0,0,0,0,0,0,0,0,0,0,0,0
643,269,0,1,0,0,0,0,0,0,0,0,0,0,0,0,0,0
646,1141,0,0,0,0,0,1,0,0,0,0,0,0,1,0,0,0
654,2919,0,0,0,0,0,0,0,0,0,1,0,0,0,0,0,0
659,2006,0,0,0,0,1,0,0,1,0,0,0,0,0,1,0,0
659,2026,0,0,0,0,1,0,0,1,0,0,0,0,0,1,0,0
660,1141,0,0,0,1,0,0,0,0,0,1,0,0,0,0,0,0
685,510,0,1,0,0,0,0,0,0,0,0,0,0,0,0,0,0
687,2946,0,0,0,0,0,0,0,0,0,0,0,0,1,0,0,0
698,3084,0,1,0,0,0,0,0,0,0,0,0,0,0,0,0,0
703,2980,0,0,0,1,0,0,0,0,0,0,0,0,1,0,0,0
707,1092,0,0,0,0,0,0,0,0,0,0,0,0,1,0,0,0
711,2980,0,0,0,1,0,0,0,0,0,1,0,0,0,0,0,0
720,1818,0,0,0,1,0,0,1,0,0,0,0,0,0,0,1,0
731,1813,0,0,0,1,0,0,1,0,0,0,0,1,0,0,0,0
734,1813,0,0,0,1,0,0,1,0,0,0,0,0,0,0,1,0
764,2123,0,0,0,0,1,0,0,1,0,0,1,0,0,0,0,0
768,781,0,1,0,0,0,0,0,0,0,0,0,0,0,0,0,0
770,2470,0,1,0,0,0,0,0,0,0,0,0,0,0,0,0,0
786,1819,0,1,0,0,0,0,0,0,0,0,0,0,0,0,0,0
792,2695,0,1,0,0,0,0,0,0,0,0,0,0,0,0,0,0
796,1063,0,1,0,0,0,0,0,0,0,0,0,0,0,0,0,0
801,972,0,1,0,0,0,0,0,0,0,0,0,0,0,0,0,0
801,2124,0,0,0,0,1,0,0,1,0,0,1,0,0,0,0,0
818,405,0,1,0,0,0,0,0,0,0,0,0,0,0,0,0,0
832,1821,0,1,0,0,0,0,0,0,0,0,0,0,0,0,0,0
836,2970,0,1,0,0,0,0,0,0,0,0,0,0,0,0,0,0
844,1273,0,0,0,0,1,0,0,0,0,1,0,0,0,0,0,0
844,2555,0,1,0,0,0,0,0,0,0,0,0,0,0,0,0,0
850,2124,0,1,0,0,0,0,0,0,0,0,0,0,0,0,0,0
856,3196,0,0,0,0,1,0,0,1,0,0,1,0,0,0,0,0
860,517,0,1,0,0,0,0,0,0,0,0,0,0,0,0,0,0
866,3214,0,0,0,0,1,0,0,1,0,0,1,0,0,0,0,0
873,1281,0,0,0,0,0,1,0,0,0,0,0,0,1,0,0,0
873,1291,0,0,0,1,0,0,0,0,0,0,0,0,1,0,0,0
888,1849,0,1,0,0,0,0,0,0,0,0,0,0,0,0,0,0
894,2560,0,1,0,0,0,0,0,0,0,0,0,0,0,0,0,0
897,2134,0,1,0,0,0,0,0,0,0,0,0,0,0,0,0,0
919,1306,0,0,0,0,0,0,0,0,0,1,0,0,0,0,0,0
921,1918,0,1,0,0,0,0,0,0,0,0,0,0,0,0,0,0
939,2739,0,1,0,0,0,0,0,0,0,0,0,0,0,0,0,0
944,809,0,1,0,0,0,0,0,0,0,0,0,0,0,0,0,0
952,2860,0,1,0,0,0,0,0,0,0,0,0,0,0,0,0,0
967,1829,0,0,0,1,0,0,0,0,0,0,0,0,1,0,0,0
967,2379,0,1,0,0,0,0,0,0,0,0,0,0,0,0,0,0
971,1829,0,0,0,0,0,1,0,0,0,0,0,0,1,0,0,0
976,2982,0,1,0,0,0,0,0,0,0,0,0,0,0,0,0,0
977,830,1,0,0,0,0,0,0,0,0,0,0,0,0,0,0,0
977,2204,0,1,0,0,0,0,0,0,0,0,0,0,0,0,0,0
978,1815,0,0,0,0,1,0,0,0,0,1,0,0,0,0,0,0
983,866,1,0,0,0,0,0,0,0,0,0,0,0,0,0,0,0
991,830,1,0,0,0,0,0,0,0,0,0,0,0,0,0,0,0
995,1166,1,0,0,0,0,0,0,0,0,0,0,0,0,0,0,0
997,1109,1,0,0,0,0,0,0,0,0,0,0,0,0,0,0,0
999,294,0,1,0,0,0,0,0,0,0,0,0,0,0,0,0,0
1002,1419,0,1,0,0,0,0,0,0,0,0,0,0,0,0,0,0
1002,1970,0,1,0,0,0,0,0,0,0,0,0,0,0,0,0,0
1003,1464,0,1,0,0,0,0,0,0,0,0,0,0,0,0,0,0
1004,1876,0,0,0,0,0,0,0,0,0,1,0,0,0,0,0,0
1006,1109,1,0,0,0,0,0,0,0,0,0,0,0,0,0,0,0
1006,1600,0,1,0,0,0,0,0,0,0,0,0,0,0,0,0,0
1017,846,1,0,0,0,0,0,0,0,0,0,0,0,0,0,0,0
1018,849,1,0,0,0,0,0,0,0,0,0,0,0,0,0,0,0
1018,868,1,0,0,0,0,0,0,0,0,0,0,0,0,0,0,0
1020,889,1,0,0,0,0,0,0,0,0,0,0,0,0,0,0,0
1026,2095,0,1,0,0,0,0,0,0,0,0,0,0,0,0,0,0
1029,928,1,0,0,0,0,0,0,0,0,0,0,0,0,0,0,0
1033,928,1,0,0,0,0,0,0,0,0,0,0,0,0,0,0,0
1033,2509,0,1,0,0,0,0,0,0,0,0,0,0,0,0,0,0
1041,902,1,0,0,0,0,0,0,0,0,0,0,0,0,0,0,0
1042,2725,0,0,0,1,0,0,1,0,0,0,0,0,0,0,0,1
1043,942,1,0,0,0,0,0,0,0,0,0,0,0,0,0,0,0
1044,2379,0,1,0,0,0,0,0,0,0,0,0,0,0,0,0,0
1045,1096,1,0,0,0,0,0,0,0,0,0,0,0,0,0,0,0
1049,943,1,0,0,0,0,0,0,0,0,0,0,0,0,0,0,0
1052,2725,0,0,0,1,0,0,1,0,0,0,0,0,0,0,0,1
1060,3161,0,1,0,0,0,0,0,0,0,0,0,0,0,0,0,0
1063,2092,0,1,0,0,0,0,0,0,0,0,0,0,0,0,0,0
1065,974,1,0,0,0,0,0,0,0,0,0,0,0,0,0,0,0
1068,1984,0,1,0,0,0,0,0,0,0,0,0,0,0,0,0,0
1076,974,1,0,0,0,0,0,0,0,0,0,0,0,0,0,0,0
1076,1674,0,1,0,0,0,0,0,0,0,0,0,0,0,0,0,0
1082,940,1,0,0,0,0,0,0,0,0,0,0,0,0,0,0,0
1084,3192,0,1,0,0,0,0,0,0,0,0,0,0,0,0,0,0
1098,2300,0,1,0,0,0,0,0,0,0,0,0,0,0,0,0,0
1106,2907,0,1,0,0,0,0,0,0,0,0,0,0,0,0,0,0
1109,2360,0,1,0,0,0,0,0,0,0,0,0,0,0,0,0,0
1113,942,1,0,0,0,0,0,0,0,0,0,0,0,0,0,0,0
1116,2044,0,0,0,0,0,0,0,0,0,1,0,0,0,0,0,0
1119,966,1,0,0,0,0,0,0,0,0,0,0,0,0,0,0,0
1124,946,1,0,0,0,0,0,0,0,0,0,0,0,0,0,0,0
1127,1487,0,0,0,1,0,0,1,0,0,0,0,0,0,0,1,0
1127,1491,0,0,0,1,0,0,1,0,0,0,0,0,0,0,1,0
1129,942,1,0,0,0,0,0,0,0,0,0,0,0,0,0,0,0
1137,906,1,0,0,0,0,0,0,0,0,0,0,0,0,0,0,0
1137,2196,0,0,0,1,0,0,1,0,0,0,0,0,0,0,0,1
1139,2722,0,1,0,0,0,0,0,0,0,0,0,0,0,0,0,0
1141,2065,0,0,0,0,0,0,0,0,0,0,0,0,1,0,0,0
1142,338,0,1,0,0,0,0,0,0,0,0,0,0,0,0,0,0
1142,2065,0,0,0,0,0,0,0,0,0,0,0,0,1,0,0,0
1142,2066,0,0,0,0,0,0,0,0,0,1,0,0,0,0,0,0
1142,2193,0,0,0,1,0,0,1,0,0,0,0,0,0,0,0,1
1150,2123,0,0,0,0,0,0,0,0,0,1,0,0,0,0,0,0
1156,1330,0,1,0,0,0,0,0,0,0,0,0,0,0,0,0,0
1161,903,1,0,0,0,0,0,0,0,0,0,0,0,0,0,0,0
1161,905,1,0,0,0,0,0,0,0,0,0,0,0,0,0,0,0
1162,943,1,0,0,0,0,0,0,0,0,0,0,0,0,0,0,0
1169,945,1,0,0,0,0,0,0,0,0,0,0,0,0,0,0,0
1189,2592,0,0,0,0,1,0,0,1,0,0,1,0,0,0,0,0
1192,938,1,0,0,0,0,0,0,0,0,0,0,0,0,0,0,0
1201,966,1,0,0,0,0,0,0,0,0,0,0,0,0,0,0,0
1202,2571,0,0,0,0,1,0,0,1,0,0,1,0,0,0,0,0
1208,2520,0,1,0,0,0,0,0,0,0,0,0,0,0,0,0,0
1209,3342,0,1,0,0,0,0,0,0,0,0,0,0,0,0,0,0
1215,978,1,0,0,0,0,0,0,0,0,0,0,0,0,0,0,0
1227,2743,0,1,0,0,0,0,0,0,0,0,0,0,0,0,0,0
1228,920,1,0,0,0,0,0,0,0,0,0,0,0,0,0,0,0
1240,3210,0,0,0,1,0,0,1,0,0,0,0,1,0,0,0,0
1240,3220,0,0,0,1,0,0,1,0,0,0,0,1,0,0,0,0
1245,3171,0,1,0,0,0,0,0,0,0,0,0,0,0,0,0,0
1250,1239,0,0,0,0,0,0,0,0,0,0,0,0,0,1,0,0
1250,1240,0,0,0,0,0,0,0,0,0,0,0,0,0,1,0,0
1251,920,1,0,0,0,0,0,0,0,0,0,0,0,0,0,0,0
1251,1239,0,0,0,0,0,0,0,0,0,0,0,0,0,1,0,0
1259,1605,0,1,0,0,0,0,0,0,0,0,0,0,0,0,0,0
1261,900,1,0,0,0,0,0,0,0,0,0,0,0,0,0,0,0
1261,901,1,0,0,0,0,0,0,0,0,0,0,0,0,0,0,0
1262,900,1,0,0,0,0,0,0,0,0,0,0,0,0,0,0,0
1262,901,1,0,0,0,0,0,0,0,0,0,0,0,0,0,0,0
1262,902,1,0,0,0,0,0,0,0,0,0,0,0,0,0,0,0
1265,882,1,0,0,0,0,0,0,0,0,0,0,0,0,0,0,0
1266,882,1,0,0,0,0,0,0,0,0,0,0,0,0,0,0,0
1267,1034,1,0,0,0,0,0,0,0,0,0,0,0,0,0,0,0
1267,1079,1,0,0,0,0,0,0,0,0,0,0,0,0,0,0,0
1269,903,1,0,0,0,0,0,0,0,0,0,0,0,0,0,0,0
1271,890,1,0,0,0,0,0,0,0,0,0,0,0,0,0,0,0
1271,911,1,0,0,0,0,0,0,0,0,0,0,0,0,0,0,0
1289,916,1,0,0,0,0,0,0,0,0,0,0,0,0,0,0,0
1300,2735,0,0,0,1,0,0,1,0,0,0,0,0,0,0,1,0
1308,2729,0,0,0,1,0,0,1,0,0,0,0,0,0,0,0,1
1318,2729,0,0,0,1,0,0,1,0,0,0,0,0,0,0,0,1
1319,409,0,1,0,0,0,0,0,0,0,0,0,0,0,0,0,0
1319,926,1,0,0,0,0,0,0,0,0,0,0,0,0,0,0,0
1324,914,1,0,0,0,0,0,0,0,0,0,0,0,0,0,0,0
1338,2536,0,0,0,0,1,0,0,1,0,0,1,0,0,0,0,0
1340,2570,0,0,0,0,1,0,0,1,0,0,1,0,0,0,0,0
1341,2378,0,1,0,0,0,0,0,0,0,0,0,0,0,0,0,0
1341,2463,0,1,0,0,0,0,0,0,0,0,0,0,0,0,0,0
1355,1668,0,1,0,0,0,0,0,0,0,0,0,0,0,0,0,0
1362,912,0,1,0,0,0,0,0,0,0,0,0,0,0,0,0,0
1375,1356,0,1,0,0,0,0,0,0,0,0,0,0,0,0,0,0
1398,1030,0,1,0,0,0,0,0,0,0,0,0,0,0,0,0,0
1407,1844,0,0,1,0,0,0,0,0,0,0,0,0,0,0,0,0
1412,2778,0,1,0,0,0,0,0,0,0,0,0,0,0,0,0,0
1413,245,0,0,0,1,0,0,0,1,0,0,0,0,0,1,0,0
1413,249,0,0,0,1,0,0,0,1,0,0,0,0,0,1,0,0
1428,2213,0,1,0,0,0,0,0,0,0,0,0,0,0,0,0,0
1456,2619,0,0,1,0,0,0,0,0,0,0,0,0,0,0,0,0
1474,2058,0,0,0,1,0,0,1,0,0,0,0,0,0,0,0,1
1474,2310,0,1,0,0,0,0,0,0,0,0,0,0,0,0,0,0
1480,2058,0,0,0,1,0,0,1,0,0,0,0,0,0,0,0,1
1483,977,0,1,0,0,0,0,0,0,0,0,0,0,0,0,0,0
1487,2839,0,0,0,0,1,0,0,1,0,0,1,0,0,0,0,0
1491,2596,0,1,0,0,0,0,0,0,0,0,0,0,0,0,0,0
1492,522,0,0,0,1,0,0,1,0,0,0,0,0,0,0,0,1
1495,522,0,0,0,1,0,0,1,0,0,0,0,0,0,0,0,1
1498,3198,0,0,0,0,1,0,0,1,0,0,1,0,0,0,0,0
1498,3235,0,0,0,0,1,0,0,1,0,0,1,0,0,0,0,0
1502,1728,0,1,0,0,0,0,0,0,0,0,0,0,0,0,0,0
1506,2839,0,0,0,0,1,0,0,1,0,0,1,0,0,0,0,0
1511,1095,0,0,0,0,1,0,0,1,0,0,0,0,0,1,0,0
1511,1116,0,0,0,0,1,0,0,1,0,0,0,0,0,1,0,0
1519,2016,0,1,0,0,0,0,0,0,0,0,0,0,0,0,0,0
1535,2220,0,1,0,0,0,0,0,0,0,0,0,0,0,0,0,0
1541,443,0,1,0,0,0,0,0,0,0,0,0,0,0,0,0,0
1542,539,0,1,0,0,0,0,0,0,0,0,0,0,0,0,0,0
1552,3066,0,1,0,0,0,0,0,0,0,0,0,0,0,0,0,0
1556,2715,0,1,0,0,0,0,0,0,0,0,0,0,0,0,0,0
1563,1158,0,1,0,0,0,0,0,0,0,0,0,0,0,0,0,0
1568,2565,0,1,0,0,0,0,0,0,0,0,0,0,0,0,0,0
1568,2833,0,1,0,0,0,0,0,0,0,0,0,0,0,0,0,0
1570,2234,0,0,0,1,0,0,1,0,0,0,0,0,0,0,0,1
1574,474,0,1,0,0,0,0,0,0,0,0,0,0,0,0,0,0
1578,2234,0,0,0,1,0,0,1,0,0,0,0,0,0,0,0,1
1603,811,0,1,0,0,0,0,0,0,0,0,0,0,0,0,0,0
1613,3065,0,1,0,0,0,0,0,0,0,0,0,0,0,0,0,0
1614,1559,0,0,0,1,0,0,1,0,0,0,0,0,0,0,0,1
1618,1372,0,1,0,0,0,0,0,0,0,0,0,0,0,0,0,0
1624,2141,0,0,0,1,0,0,1,0,0,0,0,0,0,0,0,1
1624,2151,0,0,0,1,0,0,1,0,0,0,0,0,0,0,0,1
1627,1558,0,0,0,1,0,0,1,0,0,0,0,0,0,0,0,1
1636,2685,0,1,0,0,0,0,0,0,0,0,0,0,0,0,0,0
1640,2242,0,1,0,0,0,0,0,0,0,0,0,0,0,0,0,0
1653,1981,0,1,0,0,0,0,0,0,0,0,0,0,0,0,0,0
1667,717,0,1,0,0,0,0,0,0,0,0,0,0,0,0,0,0
1675,1664,0,0,0,0,0,0,0,0,0,0,0,0,1,0,0,0
1690,1533,0,0,0,0,0,1,1,0,0,0,0,0,0,0,0,1
1690,1553,0,0,0,0,1,0,0,0,0,1,0,0,0,0,0,0
1699,1529,0,0,0,1,0,0,1,0,0,0,0,0,0,0,0,1
1701,1624,0,0,0,0,1,0,0,0,0,0,0,0,1,0,0,0
1701,1645,0,0,0,0,1,0,0,0,0,1,0,0,0,0,0,0
1715,2166,0,0,0,1,0,0,1,0,0,0,0,0,0,0,1,0
1715,2178,0,0,0,1,0,0,1,0,0,0,0,0,0,0,1,0
1717,1651,0,0,0,0,1,0,0,0,0,1,0,0,0,0,0,0
1727,1291,0,0,0,1,0,0,1,0,0,0,0,0,0,0,1,0
1728,2978,0,0,0,0,0,0,0,0,0,0,0,0,0,1,0,0
1729,2977,0,0,0,0,0,0,0,0,0,0,0,0,0,1,0,0
1729,2978,0,0,0,0,0,0,0,0,0,0,0,0,0,1,0,0
1733,1279,0,0,0,1,0,0,1,0,0,0,0,0,0,0,1,0
1753,1544,0,1,0,0,0,0,0,0,0,0,0,0,0,0,0,0
1769,1892,0,1,0,0,0,0,0,0,0,0,0,0,0,0,0,0
1781,3161,0,1,0,0,0,0,0,0,0,0,0,0,0,0,0,0
1782,2044,0,1,0,0,0,0,0,0,0,0,0,0,0,0,0,0
1794,1279,0,1,0,0,0,0,0,0,0,0,0,0,0,0,0,0
1795,1094,0,1,0,0,0,0,0,0,0,0,0,0,0,0,0,0
1795,2087,0,0,0,1,0,0,1,0,0,0,0,0,0,0,0,1
1803,656,0,1,0,0,0,0,0,0,0,0,0,0,0,0,0,0
1808,2087,0,0,0,1,0,0,1,0,0,0,0,0,0,0,0,1
1815,1198,0,1,0,0,0,0,0,0,0,0,0,0,0,0,0,0
1848,2176,0,1,0,0,0,0,0,0,0,0,0,0,0,0,0,0
1862,2314,0,0,0,0,1,0,0,1,0,0,1,0,0,0,0,0
1864,1280,0,0,0,0,0,0,0,0,0,0,0,0,1,0,0,0
1864,2340,0,0,0,0,0,1,0,1,0,0,0,0,0,1,0,0
1874,2344,0,0,0,1,0,0,0,0,0,0,0,0,1,0,0,0
1874,2412,0,0,0,0,1,0,0,0,0,1,0,0,0,0,0,0
1876,1024,0,1,0,0,0,0,0,0,0,0,0,0,0,0,0,0
1883,2421,0,0,0,1,0,0,0,0,0,0,0,0,1,0,0,0
1883,2427,0,0,0,1,0,0,0,0,0,0,0,0,1,0,0,0
1887,1639,0,1,0,0,0,0,0,0,0,0,0,0,0,0,0,0
1889,1431,0,1,0,0,0,0,0,0,0,0,0,0,0,0,0,0
1900,2636,0,1,0,0,0,0,0,0,0,0,0,0,0,0,0,0
1903,2473,0,0,0,0,0,0,0,0,0,1,0,0,0,0,0,0
1903,2561,0,1,0,0,0,0,0,0,0,0,0,0,0,0,0,0
1904,2723,0,0,0,1,0,0,1,0,0,0,0,0,0,0,0,1
1904,2726,0,0,0,1,0,0,1,0,0,0,0,0,0,0,0,1
1906,1304,0,0,0,0,1,0,0,0,0,0,0,0,1,0,0,0
1913,1346,0,0,0,0,1,0,0,0,0,1,0,0,0,0,0,0
1913,2829,0,1,0,0,0,0,0,0,0,0,0,0,0,0,0,0
1923,2341,0,1,0,0,0,0,0,0,0,0,0,0,0,0,0,0
1934,1576,0,1,0,0,0,0,0,0,0,0,0,0,0,0,0,0
1935,1304,0,0,0,0,1,0,0,0,0,1,0,0,0,0,0,0
1935,1346,0,0,0,0,1,0,0,0,0,0,0,0,1,0,0,0
1952,1009,0,1,0,0,0,0,0,0,0,0,0,0,0,0,0,0
1960,2946,0,0,0,1,0,0,1,0,0,0,0,0,0,0,0,1
1963,2946,0,0,0,1,0,0,1,0,0,0,0,0,0,0,0,1
1970,2980,0,0,1,0,0,0,0,0,0,0,0,0,0,0,0,0
1988,1365,0,1,0,0,0,0,0,0,0,0,0,0,0,0,0,0
2005,1271,0,1,0,0,0,0,0,0,0,0,0,0,0,0,0,0
2006,2250,0,1,0,0,0,0,0,0,0,0,0,0,0,0,0,0
2006,2670,0,1,0,0,0,0,0,0,0,0,0,0,0,0,0,0
2021,944,0,1,0,0,0,0,0,0,0,0,0,0,0,0,0,0
2032,2632,0,0,0,1,0,0,1,0,0,0,0,0,0,0,0,1
2039,2632,0,0,0,1,0,0,1,0,0,0,0,0,0,0,0,1
2042,2403,0,1,0,0,0,0,0,0,0,0,0,0,0,0,0,0
2088,1528,0,0,0,0,0,0,0,0,0,1,0,0,0,0,0,0
2093,2164,0,1,0,0,0,0,0,0,0,0,0,0,0,0,0,0
2107,1774,0,1,0,0,0,0,0,0,0,0,0,0,0,0,0,0
2107,1921,0,1,0,0,0,0,0,0,0,0,0,0,0,0,0,0
2124,1255,0,1,0,0,0,0,0,0,0,0,0,0,0,0,0,0
2127,1495,0,0,0,0,1,0,0,0,0,1,0,0,0,0,0,0
2127,1529,0,0,0,0,1,0,0,0,0,0,0,0,1,0,0,0
2134,1578,0,0,0,0,0,0,0,0,0,0,0,0,1,0,0,0
2134,1748,0,1,0,0,0,0,0,0,0,0,0,0,0,0,0,0
2141,2851,0,1,0,0,0,0,0,0,0,0,0,0,0,0,0,0
2148,2658,0,1,0,0,0,0,0,0,0,0,0,0,0,0,0,0
2156,2882,0,1,0,0,0,0,0,0,0,0,0,0,0,0,0,0
2162,895,0,1,0,0,0,0,0,0,0,0,0,0,0,0,0,0
2195,2725,0,1,0,0,0,0,0,0,0,0,0,0,0,0,0,0
2206,673,0,1,0,0,0,0,0,0,0,0,0,0,0,0,0,0
2218,858,0,1,0,0,0,0,0,0,0,0,0,0,0,0,0,0
2225,772,0,1,0,0,0,0,0,0,0,0,0,0,0,0,0,0
2248,2605,0,1,0,0,0,0,0,0,0,0,0,0,0,0,0,0
2253,1982,0,1,0,0,0,0,0,0,0,0,0,0,0,0,0,0
2266,2410,0,1,0,0,0,0,0,0,0,0,0,0,0,0,0,0
2301,1941,0,0,0,1,0,0,0,0,1,0,0,0,0,1,0,1
2301,1953,0,0,0,1,0,0,1,0,0,0,0,0,0,0,0,1
2308,1275,0,1,0,0,0,0,0,0,0,0,0,0,0,0,0,0
