7,957,0,1,0,0,0,0,0,0,0,0,0,0,0,0,0,0
28,1658,0,0,0,0,0,0,0,0,0,0,0,0,0,1,0,0
29,1657,0,0,0,0,0,0,0,0,0,0,0,0,0,1,0,0
29,1658,0,0,0,0,0,0,0,0,0,0,0,0,0,1,0,0
36,2274,0,1,0,0,0,0,0,0,0,0,0,0,0,0,0,0
43,2623,0,0,0,1,0,0,0,0,0,0,0,0,1,0,0,0
45,2619,0,0,0,1,0,0,0,0,0,1,0,0,0,0,0,0
46,1797,0,1,0,0,0,0,0,0,0,0,0,0,0,0,0,0
58,2619,0,0,0,0,0,1,0,0,0,0,0,0,1,0,0,0
62,618,0,1,0,0,0,0,0,0,0,0,0,0,0,0,0,0
72,2622,0,0,0,0,0,1,0,0,0,0,0,0,1,0,0,0
75,825,0,1,0,0,0,0,0,0,0,0,0,0,0,0,0,0
78,1949,0,0,0,0,1,0,0,0,0,0,0,0,1,0,0,0
80,2605,0,0,0,0,1,0,0,0,0,0,0,0,1,0,0,0
91,1207,0,1,0,0,0,0,0,0,0,0,0,0,0,0,0,0
94,1574,0,0,0,1,0,0,1,0,0,0,0,0,0,0,1,0
96,1542,0,0,0,0,1,0,0,1,0,0,1,0,0,0,0,0
96,1787,0,1,0,0,0,0,0,0,0,0,0,0,0,0,0,0
98,1574,0,0,0,0,0,1,0,0,1,0,1,0,0,0,0,0
99,1973,0,0,0,0,0,0,0,0,0,0,0,0,1,0,0,0
99,2294,0,0,0,1,0,0,0,0,1,0,0,0,0,1,0,0
99,2304,0,0,0,1,0,0,1,0,0,0,0,0,0,0,1,0
100,1972,0,0,0,0,0,0,0,0,0,0,0,0,1,0,0,0
100,1973,0,0,0,0,0,0,0,0,0,0,0,0,1,0,0,0
109,1955,0,0,0,0,1,0,0,0,0,1,0,0,0,0,0,0
112,2564,0,0,0,1,0,0,0,0,0,1,0,0,0,0,0,0
112,2573,0,0,0,1,0,0,0,0,0,0,0,0,1,0,0,0
124,2483,0,1,0,0,0,0,0,0,0,0,0,0,0,0,0,0
138,2002,0,0,0,0,0,0,0,0,0,0,0,0,1,0,0,0
138,2003,0,0,0,0,0,0,0,0,0,0,0,0,1,0,0,0
139,2002,0,0,0,0,0,0,0,0,0,0,0,0,1,0,0,0
139,2003,0,0,0,0,0,0,0,0,0,0,0,0,1,0,0,0
140,2002,0,0,0,0,0,0,0,0,0,0,0,0,1,0,0,0
140,2003,0,0,0,0,0,0,0,0,0,0,0,0,1,0,0,0
158,2666,0,1,0,0,0,0,0,0,0,0,0,0,0,0,0,0
162,2938,0,1,0,0,0,0,0,0,0,0,0,0,0,0,0,0
168,2435,0,1,0,0,0,0,0,0,0,0,0,0,0,0,0,0
188,1079,0,0,1,0,0,0,0,0,0,0,0,0,0,0,0,0
203,2666,0,1,0,0,0,0,0,0,0,0,0,0,0,0,0,0
204,2350,0,0,0,1,0,0,1,0,0,0,0,0,0,0,0,1
204,2356,0,0,0,1,0,0,0,0,1,0,0,0,0,1,0,1
212,2062,0,0,1,0,0,0,0,0,0,0,0,0,0,0,0,0
221,1031,0,0,0,1,0,0,0,0,1,0,0,0,0,1,0,1
221,1038,0,0,0,1,0,0,1,0,0,0,0,0,0,0,0,1
223,1256,0,1,0,0,0,0,0,0,0,0,0,0,0,0,0,0
226,1908,0,1,0,0,0,0,0,0,0,0,0,0,0,0,0,0
233,1626,0,0,1,0,0,0,0,0,0,0,0,0,0,0,0,0
244,1877,0,0,1,0,0,0,0,0,0,0,0,0,0,0,0,0
258,521,0,0,1,0,0,0,0,0,0,0,0,0,0,0,0,0
258,937,0,0,1,0,0,0,0,0,0,0,0,0,0,0,0,0
272,1836,0,0,1,0,0,0,0,0,0,0,0,0,0,0,0,0
275,1794,0,0,1,0,0,0,0,0,0,0,0,0,0,0,0,0
276,2696,0,1,0,0,0,0,0,0,0,0,0,0,0,0,0,0
302,1254,0,0,0,0,0,0,0,0,0,1,0,0,0,0,0,0
304,1181,0,0,0,0,1,0,0,0,0,0,0,0,1,0,0,0
304,1206,0,0,0,0,1,0,0,0,0,0,0,0,1,0,0,0
305,1292,0,1,0,0,0,0,0,0,0,0,0,0,0,0,0,0
306,1555,0,1,0,0,0,0,0,0,0,0,0,0,0,0,0,0
309,1147,0,0,0,0,0,0,0,0,0,1,0,0,0,0,0,0
347,3032,0,1,0,0,0,0,0,0,0,0,0,0,0,0,0,0
352,1448,0,1,0,0,0,0,0,0,0,0,0,0,0,0,0,0
354,3105,0,1,0,0,0,0,0,0,0,0,0,0,0,0,0,0
366,2850,0,1,0,0,0,0,0,0,0,0,0,0,0,0,0,0
369,1716,0,1,0,0,0,0,0,0,0,0,0,0,0,0,0,0
371,1075,0,1,0,0,0,0,0,0,0,0,0,0,0,0,0,0
381,1513,0,0,0,0,0,0,0,0,0,1,0,0,0,0,0,0
384,1592,0,0,0,0,0,0,0,0,0,1,0,0,0,0,0,0
398,3105,0,1,0,0,0,0,0,0,0,0,0,0,0,0,0,0
404,1544,0,0,0,0,0,0,0,0,0,1,0,0,0,0,0,0
406,2505,0,1,0,0,0,0,0,0,0,0,0,0,0,0,0,0
407,571,0,1,0,0,0,0,0,0,0,0,0,0,0,0,0,0
408,416,0,1,0,0,0,0,0,0,0,0,0,0,0,0,0,0
409,699,0,1,0,0,0,0,0,0,0,0,0,0,0,0,0,0
418,732,0,1,0,0,0,0,0,0,0,0,0,0,0,0,0,0
422,2100,0,1,0,0,0,0,0,0,0,0,0,0,0,0,0,0
431,1716,0,0,0,1,0,0,1,0,0,0,0,0,0,0,0,1
434,1322,0,1,0,0,0,0,0,0,0,0,0,0,0,0,0,0
435,1389,0,1,0,0,0,0,0,0,0,0,0,0,0,0,0,0
435,1538,0,0,0,0,0,0,0,0,0,0,0,0,1,0,0,0
440,1715,0,0,0,1,0,0,1,0,0,0,0,0,0,0,0,1
441,1582,0,0,0,0,0,0,0,0,0,0,0,0,1,0,0,0
441,2700,0,1,0,0,0,0,0,0,0,0,0,0,0,0,0,0
454,332,0,1,0,0,0,0,0,0,0,0,0,0,0,0,0,0
463,2835,0,1,0,0,0,0,0,0,0,0,0,0,0,0,0,0
465,730,0,1,0,0,0,0,0,0,0,0,0,0,0,0,0,0
473,1249,0,1,0,0,0,0,0,0,0,0,0,0,0,0,0,0
474,1086,0,0,0,1,0,0,1,0,0,0,0,0,0,0,0,1
479,1086,0,0,0,1,0,0,1,0,0,0,0,0,0,0,0,1
519,2055,0,0,0,1,0,0,1,0,0,0,0,0,0,0,0,1
519,2059,0,0,0,1,0,0,1,0,0,0,0,0,0,0,0,1
524,2199,0,0,0,1,0,0,0,0,0,0,0,0,1,0,0,0
526,2503,0,0,0,1,0,0,1,0,0,0,0,0,0,0,0,1
526,2509,0,0,0,1,0,0,1,0,0,0,0,0,0,0,0,1
528,2175,0,0,0,1,0,0,0,0,0,1,0,0,0,0,0,0
528,2193,0,0,0,1,0,0,0,0,0,0,0,0,1,0,0,0
528,2204,0,0,0,1,0,0,0,0,0,1,0,0,0,0,0,0
529,966,0,1,0,0,0,0,0,0,0,0,0,0,0,0,0,0
533,1648,0,1,0,0,0,0,0,0,0,0,0,0,0,0,0,0
537,3008,0,0,0,1,0,0,1,0,0,0,0,0,0,0,0,1
537,3024,0,0,0,1,0,0,1,0,0,0,0,0,0,0,0,1
545,1816,0,1,0,0,0,0,0,0,0,0,0,0,0,0,0,0
566,691,0,0,0,1,0,0,0,0,0,0,0,0,1,0,0,0
566,803,0,1,0,0,0,0,0,0,0,0,0,0,0,0,0,0
574,2706,0,1,0,0,0,0,0,0,0,0,0,0,0,0,0,0
578,309,0,1,0,0,0,0,0,0,0,0,0,0,0,0,0,0
579,638,0,0,0,0,0,0,0,0,0,1,0,0,0,0,0,0
579,687,0,0,0,1,0,0,0,0,0,0,0,0,1,0,0,0
580,1620,0,0,0,0,1,0,0,1,0,0,1,0,0,0,0,0
580,1654,0,0,0,0,1,0,0,1,0,0,1,0,0,0,0,0
583,687,0,0,0,1,0,0,0,0,0,1,0,0,0,0,0,0
589,1250,0,1,0,0,0,0,0,0,0,0,0,0,0,0,0,0
612,581,0,0,0,0,0,0,0,0,0,1,0,0,0,0,0,0
612,3093,0,0,0,1,0,0,1,0,0,0,0,0,0,0,1,0
612,3096,0,0,0,1,0,0,1,0,0,0,0,0,0,0,1,0
620,2429,0,1,0,0,0,0,0,0,0,0,0,0,0,0,0,0
621,1925,0,0,0,0,1,0,0,1,0,0,1,0,0,0,0,0
621,1948,0,0,0,0,1,0,0,1,0,0,0,0,0,1,0,0
622,2091,0,1,0,0,0,0,0,0,0,0,0,0,0,0,0,0
622,3130,0,1,0,0,0,0,0,0,0,0,0,0,0,0,0,0
624,791,0,1,0,0,0,0,0,0,0,0,0,0,0,0,0,0
632,1695,0,0,0,0,0,0,0,0,0,0,0,0,0,1,0,0
632,1697,0,0,0,0,0,0,0,0,0,0,0,0,0,1,0,0
643,736,0,1,0,0,0,0,0,0,0,0,0,0,0,0,0,0
667,1427,0,1,0,0,0,0,0,0,0,0,0,0,0,0,0,0
697,2488,0,1,0,0,0,0,0,0,0,0,0,0,0,0,0,0
710,398,0,0,0,1,0,0,1,0,0,0,0,0,0,0,0,1
710,2889,0,1,0,0,0,0,0,0,0,0,0,0,0,0,0,0
714,1739,0,0,0,0,0,0,0,0,0,1,0,0,0,0,0,0
715,398,0,0,0,1,0,0,1,0,0,0,0,0,0,0,0,1
716,2154,0,1,0,0,0,0,0,0,0,0,0,0,0,0,0,0
718,1783,0,0,0,1,0,0,0,0,0,0,0,0,1,0,0,0
723,1783,0,0,0,0,0,1,0,0,0,0,0,0,1,0,0,0
726,1810,0,0,0,0,1,0,0,0,0,0,0,0,1,0,0,0
735,2007,0,1,0,0,0,0,0,0,0,0,0,0,0,0,0,0
751,1175,0,0,0,0,1,0,0,1,0,0,1,0,0,0,0,0
752,2788,0,0,0,0,1,0,0,1,0,0,0,0,0,1,0,0
755,1048,0,0,0,0,1,0,0,1,0,0,1,0,0,0,0,0
757,2669,0,1,0,0,0,0,0,0,0,0,0,0,0,0,0,0
765,1901,0,0,0,1,0,0,0,0,0,0,0,0,1,0,0,0
766,1898,0,0,0,1,0,0,0,0,0,0,0,0,1,0,0,0
769,1892,0,0,0,1,0,0,0,0,0,1,0,0,0,0,0,0
769,1897,0,0,0,1,0,0,0,0,0,0,0,0,1,0,0,0
773,2377,0,1,0,0,0,0,0,0,0,0,0,0,0,0,0,0
775,2961,0,1,0,0,0,0,0,0,0,0,0,0,0,0,0,0
776,1700,0,0,0,0,0,0,0,0,0,1,0,0,0,0,0,0
776,2782,0,0,0,0,1,0,0,1,0,0,0,0,0,1,0,0
779,299,0,1,0,0,0,0,0,0,0,0,0,0,0,0,0,0
780,3312,0,1,0,0,0,0,0,0,0,0,0,0,0,0,0,0
786,1175,0,0,0,0,1,0,0,1,0,0,1,0,0,0,0,0
786,2111,0,1,0,0,0,0,0,0,0,0,0,0,0,0,0,0
788,1048,0,0,0,0,1,0,0,1,0,0,1,0,0,0,0,0
791,1765,0,0,0,1,0,0,0,0,0,0,0,0,1,0,0,0
792,2304,0,1,0,0,0,0,0,0,0,0,0,0,0,0,0,0
798,1765,0,0,0,1,0,0,0,0,0,0,0,0,1,0,0,0
802,904,0,1,0,0,0,0,0,0,0,0,0,0,0,0,0,0
808,2669,0,1,0,0,0,0,0,0,0,0,0,0,0,0,0,0
817,1630,0,0,0,0,0,0,0,0,0,1,0,0,0,0,0,0
835,2181,0,1,0,0,0,0,0,0,0,0,0,0,0,0,0,0
839,2520,0,1,0,0,0,0,0,0,0,0,0,0,0,0,0,0
844,1553,0,1,0,0,0,0,0,0,0,0,0,0,0,0,0,0
848,588,0,1,0,0,0,0,0,0,0,0,0,0,0,0,0,0
857,1467,0,0,0,1,0,0,0,0,0,0,0,0,1,0,0,0
860,1467,0,0,0,1,0,0,0,0,0,0,0,0,1,0,0,0
863,1413,0,0,0,0,0,0,0,0,0,1,0,0,0,0,0,0
863,1455,0,0,0,1,0,0,0,0,0,1,0,0,0,0,0,0
873,1348,0,0,0,0,1,0,0,0,0,0,0,0,1,0,0,0
875,2056,0,0,0,0,0,0,0,0,0,1,0,0,0,0,0,0
878,3141,0,0,0,0,0,1,0,0,0,0,0,0,1,0,0,0
878,3148,0,0,0,1,0,0,0,0,0,1,0,0,0,0,0,0
882,1316,0,0,0,0,1,0,0,0,0,1,0,0,0,0,0,0
882,1346,0,0,0,0,0,1,0,0,0,0,0,0,1,0,0,0
882,3107,0,0,0,1,0,0,0,0,0,1,0,0,0,0,0,0
882,3110,0,0,0,0,0,1,0,0,0,0,0,0,1,0,0,0
889,1090,0,1,0,0,0,0,0,0,0,0,0,0,0,0,0,0
889,1162,0,1,0,0,0,0,0,0,0,0,0,0,0,0,0,0
895,1764,0,0,0,1,0,0,1,0,0,0,0,0,0,0,0,1
897,1347,0,0,0,0,0,1,0,0,0,1,0,0,0,0,0,0
898,2240,0,0,0,0,0,0,0,0,0,1,0,0,0,0,0,0
899,1223,0,1,0,0,0,0,0,0,0,0,0,0,0,0,0,0
899,1347,0,0,0,0,0,0,0,0,0,0,0,0,1,0,0,0
899,1349,0,0,0,0,0,1,0,0,0,0,0,0,1,0,0,0
900,1751,0,0,0,1,0,0,1,0,0,0,0,0,0,0,0,1
909,2034,0,0,0,0,1,0,0,0,0,1,0,0,0,0,0,0
909,2166,0,0,0,1,0,0,0,0,0,0,0,0,1,0,0,0
909,2179,0,0,0,1,0,0,0,0,0,0,0,0,1,0,0,0
914,2294,0,1,0,0,0,0,0,0,0,0,0,0,0,0,0,0
918,2162,0,0,0,1,0,0,0,0,0,1,0,0,0,0,0,0
923,985,0,0,0,1,0,0,1,0,0,0,0,0,0,0,1,0
927,985,0,0,0,1,0,0,1,0,0,0,0,0,0,0,1,0
930,978,0,0,0,1,0,0,1,0,0,0,0,1,0,0,0,0
931,826,0,1,0,0,0,0,0,0,0,0,0,0,0,0,0,0
934,1347,0,0,0,0,0,1,0,0,0,1,0,0,0,0,0,0
934,2036,0,0,0,0,0,1,0,0,0,0,0,0,1,0,0,0
934,2039,0,0,0,1,0,0,0,0,0,0,0,0,1,0,0,0
936,3105,0,1,0,0,0,0,0,0,0,0,0,0,0,0,0,0
940,3177,0,1,0,0,0,0,0,0,0,0,0,0,0,0,0,0
943,1349,0,0,0,1,0,0,0,0,0,1,0,0,0,0,0,0
955,674,0,0,0,0,0,1,0,0,1,0,0,0,0,1,0,1
955,677,0,0,0,1,0,0,1,0,0,0,0,0,0,0,0,1
957,2256,0,1,0,0,0,0,0,0,0,0,0,0,0,0,0,0
959,2846,0,1,0,0,0,0,0,0,0,0,0,0,0,0,0,0
968,657,0,0,0,0,1,0,0,1,0,0,1,0,0,0,0,0
981,3014,0,1,0,0,0,0,0,0,0,0,0,0,0,0,0,0
997,1683,0,0,0,0,1,0,0,0,0,1,0,0,0,0,0,0
998,1906,0,0,0,0,0,0,0,0,0,1,0,0,0,0,0,0
1009,1227,0,1,0,0,0,0,0,0,0,0,0,0,0,0,0,0
1022,756,0,1,0,0,0,0,0,0,0,0,0,0,0,0,0,0
1025,1683,0,0,0,0,0,1,0,0,0,0,0,0,1,0,0,0
1025,1851,0,0,0,0,0,1,0,0,0,0,0,0,1,0,0,0
1025,1854,0,0,0,1,0,0,0,0,0,0,0,0,1,0,0,0
1031,2743,1,0,0,0,0,0,0,0,0,0,0,0,0,0,0,0
1032,2802,1,0,0,0,0,0,0,0,0,0,0,0,0,0,0,0
1033,2799,1,0,0,0,0,0,0,0,0,0,0,0,0,0,0,0
1035,1831,0,0,0,0,1,0,0,0,0,1,0,0,0,0,0,0
1040,376,0,0,0,0,0,1,0,0,1,0,0,0,0,1,0,0
1040,377,0,0,0,0,0,1,0,0,1,0,0,0,0,1,0,0
1041,1683,0,0,0,1,0,0,0,0,0,1,0,0,0,0,0,0
1050,2154,0,1,0,0,0,0,0,0,0,0,0,0,0,0,0,0
1059,2677,1,0,0,0,0,0,0,0,0,0,0,0,0,0,0,0
1065,2799,1,0,0,0,0,0,0,0,0,0,0,0,0,0,0,0
1069,1204,0,1,0,0,0,0,0,0,0,0,0,0,0,0,0,0
1074,2129,0,1,0,0,0,0,0,0,0,0,0,0,0,0,0,0
1077,2677,1,0,0,0,0,0,0,0,0,0,0,0,0,0,0,0
1079,1646,0,0,0,0,0,0,0,0,0,0,0,0,1,0,0,0
1079,2690,1,0,0,0,0,0,0,0,0,0,0,0,0,0,0,0
1080,506,0,1,0,0,0,0,0,0,0,0,0,0,0,0,0,0
1083,2797,1,0,0,0,0,0,0,0,0,0,0,0,0,0,0,0
1099,2717,1,0,0,0,0,0,0,0,0,0,0,0,0,0,0,0
1099,2726,1,0,0,0,0,0,0,0,0,0,0,0,0,0,0,0
1103,2713,1,0,0,0,0,0,0,0,0,0,0,0,0,0,0,0
1119,2778,1,0,0,0,0,0,0,0,0,0,0,0,0,0,0,0
1120,458,0,1,0,0,0,0,0,0,0,0,0,0,0,0,0,0
1141,2074,0,1,0,0,0,0,0,0,0,0,0,0,0,0,0,0
1145,2025,0,1,0,0,0,0,0,0,0,0,0,0,0,0,0,0
1147,593,0,1,0,0,0,0,0,0,0,0,0,0,0,0,0,0
1153,3013,0,0,0,0,0,0,0,0,0,0,0,0,0,1,0,0
1154,3014,0,0,0,0,0,0,0,0,0,0,0,0,0,1,0,0
1160,2848,1,0,0,0,0,0,0,0,0,0,0,0,0,0,0,0
1160,2854,1,0,0,0,0,0,0,0,0,0,0,0,0,0,0,0
1172,614,0,1,0,0,0,0,0,0,0,0,0,0,0,0,0,0
1173,3209,0,1,0,0,0,0,0,0,0,0,0,0,0,0,0,0
1192,1339,0,1,0,0,0,0,0,0,0,0,0,0,0,0,0,0
1202,1272,0,1,0,0,0,0,0,0,0,0,0,0,0,0,0,0
1205,3016,0,0,0,1,0,0,1,0,0,0,0,0,0,0,0,1
1205,3020,0,0,0,0,0,1,0,0,1,0,0,0,0,1,0,1
1209,3039,0,0,0,0,1,0,0,1,0,0,1,0,0,0,0,0
1223,3157,0,1,0,0,0,0,0,0,0,0,0,0,0,0,0,0
1230,2713,1,0,0,0,0,0,0,0,0,0,0,0,0,0,0,0
1232,2713,1,0,0,0,0,0,0,0,0,0,0,0,0,0,0,0
1232,2716,1,0,0,0,0,0,0,0,0,0,0,0,0,0,0,0
1232,2732,1,0,0,0,0,0,0,0,0,0,0,0,0,0,0,0
1237,1094,0,0,0,0,1,0,0,0,0,1,0,0,0,0,0,0
1237,2475,1,0,0,0,0,0,0,0,0,0,0,0,0,0,0,0
1237,2476,1,0,0,0,0,0,0,0,0,0,0,0,0,0,0,0
1238,2475,1,0,0,0,0,0,0,0,0,0,0,0,0,0,0,0
1243,3233,0,1,0,0,0,0,0,0,0,0,0,0,0,0,0,0
1245,2707,1,0,0,0,0,0,0,0,0,0,0,0,0,0,0,0
1247,2705,1,0,0,0,0,0,0,0,0,0,0,0,0,0,0,0
1247,2706,1,0,0,0,0,0,0,0,0,0,0,0,0,0,0,0
1249,2704,1,0,0,0,0,0,0,0,0,0,0,0,0,0,0,0
1249,2705,1,0,0,0,0,0,0,0,0,0,0,0,0,0,0,0
1251,2703,1,0,0,0,0,0,0,0,0,0,0,0,0,0,0,0
1251,2704,1,0,0,0,0,0,0,0,0,0,0,0,0,0,0,0
1253,2702,1,0,0,0,0,0,0,0,0,0,0,0,0,0,0,0
1254,2702,1,0,0,0,0,0,0,0,0,0,0,0,0,0,0,0
1259,1105,0,0,0,0,1,0,0,0,0,1,0,0,0,0,0,0
1265,3002,0,1,0,0,0,0,0,0,0,0,0,0,0,0,0,0
1266,1150,0,0,0,1,0,0,0,0,0,1,0,0,0,0,0,0
1266,2537,1,0,0,0,0,0,0,0,0,0,0,0,0,0,0,0
1266,2757,1,0,0,0,0,0,0,0,0,0,0,0,0,0,0,0
1274,1297,0,1,0,0,0,0,0,0,0,0,0,0,0,0,0,0
1274,3034,0,0,0,1,0,0,1,0,0,0,0,0,0,0,0,1
1277,3034,0,0,0,1,0,0,1,0,0,0,0,0,0,0,0,1
1278,1147,0,0,0,1,0,0,0,0,0,1,0,0,0,0,0,0
1290,2841,1,0,0,0,0,0,0,0,0,0,0,0,0,0,0,0
1293,3236,0,0,0,0,1,0,0,0,0,0,0,0,1,0,0,0
1298,3242,0,0,0,0,0,1,0,0,0,0,0,0,1,0,0,0
1301,2441,1,0,0,0,0,0,0,0,0,0,0,0,0,0,0,0
1301,2444,1,0,0,0,0,0,0,0,0,0,0,0,0,0,0,0
1302,3273,0,0,0,0,0,1,0,0,0,1,0,0,0,0,0,0
1303,3276,0,0,0,0,0,1,0,0,0,0,0,0,1,0,0,0
1303,3277,0,0,0,0,0,1,0,0,0,0,0,0,1,0,0,0
1304,3276,0,0,0,0,0,1,0,0,0,0,0,0,1,0,0,0
1304,3277,0,0,0,0,0,0,0,0,0,0,0,0,1,0,0,0
1304,3279,0,0,0,0,0,1,0,0,0,0,0,0,1,0,0,0
1304,3280,0,0,0,0,0,0,0,0,0,0,0,0,1,0,0,0
1305,3279,0,0,0,0,0,0,0,0,0,0,0,0,1,0,0,0
1305,3280,0,0,0,0,0,0,0,0,0,0,0,0,1,0,0,0
1308,645,0,1,0,0,0,0,0,0,0,0,0,0,0,0,0,0
1334,1931,0,0,0,0,1,0,0,1,0,0,1,0,0,0,0,0
1335,2757,1,0,0,0,0,0,0,0,0,0,0,0,0,0,0,0
1338,1949,0,0,0,0,1,0,0,1,0,0,1,0,0,0,0,0
1342,3247,0,0,0,0,0,0,0,0,0,1,0,0,0,0,0,0
1346,1458,0,1,0,0,0,0,0,0,0,0,0,0,0,0,0,0
1351,910,0,1,0,0,0,0,0,0,0,0,0,0,0,0,0,0
1354,2758,1,0,0,0,0,0,0,0,0,0,0,0,0,0,0,0
1362,954,0,0,1,0,0,0,0,0,0,0,0,0,0,0,0,0
1375,2473,0,1,0,0,0,0,0,0,0,0,0,0,0,0,0,0
1375,2513,1,0,0,0,0,0,0,0,0,0,0,0,0,0,0,0
1379,1233,0,0,0,1,0,0,0,1,0,0,0,0,0,1,0,0
1384,1652,0,1,0,0,0,0,0,0,0,0,0,0,0,0,0,0
1387,1233,0,0,0,1,0,0,1,0,0,0,0,0,0,0,1,0
1396,1242,0,0,0,1,0,0,1,0,0,0,0,1,0,0,0,0
1411,2956,0,1,0,0,0,0,0,0,0,0,0,0,0,0,0,0
1430,1583,0,0,1,0,0,0,0,0,0,0,0,0,0,0,0,0
1439,2033,0,1,0,0,0,0,0,0,0,0,0,0,0,0,0,0
1442,1014,0,1,0,0,0,0,0,0,0,0,0,0,0,0,0,0
1444,1233,0,0,0,0,0,0,0,0,0,0,0,0,0,1,0,0
1445,1221,0,0,0,1,0,0,1,0,0,0,0,0,0,0,0,1
1445,1232,0,0,0,0,0,1,0,0,1,0,0,0,0,1,0,1
1449,2269,0,0,1,0,0,0,0,0,0,0,0,0,0,0,0,0
1463,1405,0,1,0,0,0,0,0,0,0,0,0,0,0,0,0,0
1471,1060,0,1,0,0,0,0,0,0,0,0,0,0,0,0,0,0
1472,2854,0,0,1,0,0,0,0,0,0,0,0,0,0,0,0,0
1476,3056,0,0,0,1,0,0,0,0,1,0,0,0,0,1,0,1
1480,3056,0,0,0,1,0,0,1,0,0,0,0,0,0,0,0,1
1505,1687,0,1,0,0,0,0,0,0,0,0,0,0,0,0,0,0
1506,1934,0,1,0,0,0,0,0,0,0,0,0,0,0,0,0,0
1507,2175,0,0,0,1,0,0,0,0,0,0,0,0,1,0,0,0
1507,2179,0,0,0,1,0,0,0,0,0,0,0,0,1,0,0,0
1508,862,0,1,0,0,0,0,0,0,0,0,0,0,0,0,0,0
1517,635,0,1,0,0,0,0,0,0,0,0,0,0,0,0,0,0
1525,3144,0,1,0,0,0,0,0,0,0,0,0,0,0,0,0,0
1543,2112,0,0,0,1,0,0,0,0,0,0,0,0,1,0,0,0
1543,2122,0,0,0,1,0,0,0,0,0,0,0,0,1,0,0,0
1546,1093,0,1,0,0,0,0,0,0,0,0,0,0,0,0,0,0
1552,2897,0,1,0,0,0,0,0,0,0,0,0,0,0,0,0,0
1554,3158,0,0,0,1,0,0,1,0,0,0,0,0,0,0,0,1
1555,3171,0,0,0,1,0,0,1,0,0,0,0,0,0,0,0,1
1586,2995,0,1,0,0,0,0,0,0,0,0,0,0,0,0,0,0
1587,1714,0,0,0,0,1,0,0,0,0,1,0,0,0,0,0,0
1587,1750,0,0,0,0,0,1,0,0,0,0,0,0,1,0,0,0
1587,1754,0,0,0,1,0,0,0,0,0,0,0,0,1,0,0,0
1587,1810,0,0,0,0,0,0,0,0,0,1,0,0,0,0,0,0
1588,1271,0,1,0,0,0,0,0,0,0,0,0,0,0,0,0,0
1588,1937,0,0,0,1,0,0,1,0,0,0,0,1,0,0,0,0
1590,1922,0,0,0,1,0,0,1,0,0,0,0,0,0,0,0,1
1590,1931,0,0,0,1,0,0,1,0,0,0,0,0,0,0,0,1
1609,3044,0,1,0,0,0,0,0,0,0,0,0,0,0,0,0,0
1617,1593,0,1,0,0,0,0,0,0,0,0,0,0,0,0,0,0
1617,2201,0,1,0,0,0,0,0,0,0,0,0,0,0,0,0,0
1620,450,0,1,0,0,0,0,0,0,0,0,0,0,0,0,0,0
1623,1260,0,1,0,0,0,0,0,0,0,0,0,0,0,0,0,0
1645,2222,0,1,0,0,0,0,0,0,0,0,0,0,0,0,0,0
1653,2584,0,0,0,0,1,0,0,0,0,1,0,0,0,0,0,0
1666,2803,0,1,0,0,0,0,0,0,0,0,0,0,0,0,0,0
1667,920,0,1,0,0,0,0,0,0,0,0,0,0,0,0,0,0
1676,537,0,1,0,0,0,0,0,0,0,0,0,0,0,0,0,0
1678,1802,0,1,0,0,0,0,0,0,0,0,0,0,0,0,0,0
1679,2584,0,0,0,0,1,0,0,0,0,0,0,0,1,0,0,0
1687,1843,0,1,0,0,0,0,0,0,0,0,0,0,0,0,0,0
1690,2920,0,0,0,0,1,0,0,1,0,0,0,0,0,1,0,0
1693,2589,0,0,0,0,1,0,0,0,0,0,0,0,1,0,0,0
1699,1491,0,1,0,0,0,0,0,0,0,0,0,0,0,0,0,0
1701,753,0,1,0,0,0,0,0,0,0,0,0,0,0,0,0,0
1706,2925,0,0,0,0,1,0,0,1,0,0,0,0,0,1,0,0
1717,1976,0,0,0,1,0,0,1,0,0,0,0,1,0,0,0,0
1717,1992,0,0,0,1,0,0,1,0,0,0,0,1,0,0,0,0
1725,871,0,1,0,0,0,0,0,0,0,0,0,0,0,0,0,0
1725,924,0,0,0,0,1,0,0,1,0,0,0,0,0,1,0,0
1725,2589,0,0,0,0,1,0,0,0,0,1,0,0,0,0,0,0
1730,941,0,0,0,0,1,0,0,1,0,0,0,0,0,1,0,0
1730,1280,0,1,0,0,0,0,0,0,0,0,0,0,0,0,0,0
1733,2175,0,1,0,0,0,0,0,0,0,0,0,0,0,0,0,0
1745,1067,0,1,0,0,0,0,0,0,0,0,0,0,0,0,0,0
1745,2925,0,1,0,0,0,0,0,0,0,0,0,0,0,0,0,0
1783,1440,0,1,0,0,0,0,0,0,0,0,0,0,0,0,0,0
1792,1568,0,1,0,0,0,0,0,0,0,0,0,0,0,0,0,0
1794,2680,0,1,0,0,0,0,0,0,0,0,0,0,0,0,0,0
1805,2294,0,0,0,0,1,0,0,1,0,0,1,0,0,0,0,0
1809,403,0,1,0,0,0,0,0,0,0,0,0,0,0,0,0,0
1814,2759,0,1,0,0,0,0,0,0,0,0,0,0,0,0,0,0
1815,2311,0,0,0,0,1,0,0,1,0,0,1,0,0,0,0,0
1817,1303,0,1,0,0,0,0,0,0,0,0,0,0,0,0,0,0
1833,2168,0,1,0,0,0,0,0,0,0,0,0,0,0,0,0,0
1838,2568,0,0,0,0,1,0,0,1,0,0,1,0,0,0,0,0
1853,2313,0,1,0,0,0,0,0,0,0,0,0,0,0,0,0,0
1858,2568,0,0,0,0,1,0,0,1,0,0,1,0,0,0,0,0
1862,2140,0,0,0,1,0,0,1,0,0,0,0,0,0,0,0,1
1862,2156,0,0,0,1,0,0,1,0,0,0,0,0,0,0,0,1
1877,2568,0,0,0,0,1,0,0,1,0,0,1,0,0,0,0,0
1880,2759,0,1,0,0,0,0,0,0,0,0,0,0,0,0,0,0
1893,1144,0,0,0,0,0,0,0,0,0,1,0,0,0,0,0,0
1904,1303,0,1,0,0,0,0,0,0,0,0,0,0,0,0,0,0
1906,2991,0,1,0,0,0,0,0,0,0,0,0,0,0,0,0,0
1908,696,0,1,0,0,0,0,0,0,0,0,0,0,0,0,0,0
1909,2309,0,0,0,1,0,0,1,0,0,0,0,0,0,0,1,0
1909,2313,0,0,0,1,0,0,1,0,0,0,0,1,0,0,0,0
1919,1166,0,0,0,1,0,0,0,0,0,0,0,0,1,0,0,0
1919,1184,0,0,0,1,0,0,0,0,0,0,0,0,1,0,0,0
1926,1088,0,0,0,0,0,0,0,0,0,1,0,0,0,0,0,0
1936,2325,0,1,0,0,0,0,0,0,0,0,0,0,0,0,0,0
1956,2101,0,0,1,0,0,0,0,0,0,0,0,0,0,0,0,0
1957,1511,0,0,0,1,0,0,0,1,0,0,0,0,0,1,0,0
1964,1511,0,0,0,1,0,0,0,1,0,0,1,0,0,0,0,0
1976,2912,0,0,0,0,0,0,0,0,0,0,0,0,0,1,0,0
1976,2914,0,0,0,0,0,0,0,0,0,0,0,0,0,1,0,0
1983,2547,0,0,1,0,0,0,0,0,0,0,0,0,0,0,0,0
1986,1890,0,0,0,0,0,0,0,0,0,1,0,0,0,0,0,0
1989,1784,0,0,0,1,0,0,0,1,0,0,0,0,0,1,0,0
1992,1784,0,0,0,1,0,0,0,1,0,0,0,0,0,1,0,0
1998,1009,0,0,1,0,0,0,0,0,0,0,0,0,0,0,0,0
2002,2900,0,0,0,0,1,0,0,1,0,0,1,0,0,0,0,0
2014,887,0,0,0,0,1,0,0,1,0,0,1,0,0,0,0,0
2018,1619,0,1,0,0,0,0,0,0,0,0,0,0,0,0,0,0
2020,2101,0,1,0,0,0,0,0,0,0,0,0,0,0,0,0,0
2025,1867,0,0,0,1,0,0,0,0,0,1,0,0,0,0,0,0
2028,1867,0,0,0,0,0,1,0,0,0,0,0,0,1,0,0,0
2034,900,0,0,0,0,1,0,0,1,0,0,1,0,0,0,0,0
2045,1854,0,0,0,0,1,0,0,0,0,0,0,0,1,0,0,0
2049,1782,0,0,1,0,0,0,0,0,0,0,0,0,0,0,0,0
2058,1672,0,1,0,0,0,0,0,0,0,0,0,0,0,0,0,0
2069,2569,0,1,0,0,0,0,0,0,0,0,0,0,0,0,0,0
2071,1046,0,1,0,0,0,0,0,0,0,0,0,0,0,0,0,0
2072,864,0,1,0,0,0,0,0,0,0,0,0,0,0,0,0,0
2084,2337,0,1,0,0,0,0,0,0,0,0,0,0,0,0,0,0
2098,1851,0,1,0,0,0,0,0,0,0,0,0,0,0,0,0,0
2101,756,0,1,0,0,0,0,0,0,0,0,0,0,0,0,0,0
2109,2364,0,1,0,0,0,0,0,0,0,0,0,0,0,0,0,0
2114,494,0,1,0,0,0,0,0,0,0,0,0,0,0,0,0,0
2123,1161,0,1,0,0,0,0,0,0,0,0,0,0,0,0,0,0
2128,3039,0,1,0,0,0,0,0,0,0,0,0,0,0,0,0,0
2137,1931,0,1,0,0,0,0,0,0,0,0,0,0,0,0,0,0
2142,674,0,1,0,0,0,0,0,0,0,0,0,0,0,0,0,0
2149,2731,0,1,0,0,0,0,0,0,0,0,0,0,0,0,0,0
2150,1364,0,1,0,0,0,0,0,0,0,0,0,0,0,0,0,0
2150,1486,0,1,0,0,0,0,0,0,0,0,0,0,0,0,0,0
2161,2834,0,1,0,0,0,0,0,0,0,0,0,0,0,0,0,0
2169,1543,0,0,0,1,0,0,1,0,0,0,0,0,0,0,0,1
2169,1557,0,0,0,1,0,0,1,0,0,0,0,0,0,0,0,1
2175,1754,0,1,0,0,0,0,0,0,0,0,0,0,0,0,0,0
2203,666,0,1,0,0,0,0,0,0,0,0,0,0,0,0,0,0
2214,2994,0,1,0,0,0,0,0,0,0,0,0,0,0,0,0,0
2227,1322,0,0,0,1,0,0,1,0,0,0,0,1,0,0,0,0
2229,1333,0,0,0,1,0,0,1,0,0,0,0,1,0,0,0,0
2231,2731,0,1,0,0,0,0,0,0,0,0,0,0,0,0,0,0
2301,2081,0,0,0,1,0,0,1,0,0,0,0,0,0,0,0,1
2301,2098,0,0,0,1,0,0,1,0,0,0,0,0,0,0,0,1
2304,1241,0,1,0,0,0,0,0,0,0,0,0,0,0,0,0,0
2322,2839,0,1,0,0,0,0,0,0,0,0,0,0,0,0,0,0
