8,1589,0,1,0,0,0,0,0,0,0,0,0,0,0,0,0,0
43,1075,0,1,0,0,0,0,0,0,0,0,0,0,0,0,0,0
49,1211,0,0,0,1,0,0,1,0,0,0,0,0,0,0,0,1
52,1211,0,0,0,1,0,0,1,0,0,0,0,0,0,0,0,1
68,2583,0,1,0,0,0,0,0,0,0,0,0,0,0,0,0,0
73,746,0,1,0,0,0,0,0,0,0,0,0,0,0,0,0,0
75,1011,0,1,0,0,0,0,0,0,0,0,0,0,0,0,0,0
82,1492,0,1,0,0,0,0,0,0,0,0,0,0,0,0,0,0
89,1890,0,1,0,0,0,0,0,0,0,0,0,0,0,0,0,0
97,2453,0,1,0,0,0,0,0,0,0,0,0,0,0,0,0,0
114,2906,0,1,0,0,0,0,0,0,0,0,0,0,0,0,0,0
126,1741,0,1,0,0,0,0,0,0,0,0,0,0,0,0,0,0
140,2679,0,1,0,0,0,0,0,0,0,0,0,0,0,0,0,0
141,2316,0,1,0,0,0,0,0,0,0,0,0,0,0,0,0,0
161,1308,0,1,0,0,0,0,0,0,0,0,0,0,0,0,0,0
163,1470,0,1,0,0,0,0,0,0,0,0,0,0,0,0,0,0
186,1203,0,1,0,0,0,0,0,0,0,0,0,0,0,0,0,0
190,2029,0,1,0,0,0,0,0,0,0,0,0,0,0,0,0,0
191,864,0,0,0,0,0,0,0,0,0,0,0,0,0,1,0,0
191,866,0,0,0,0,0,0,0,0,0,0,0,0,0,1,0,0
197,2443,0,1,0,0,0,0,0,0,0,0,0,0,0,0,0,0
200,2869,0,0,0,0,0,1,0,0,1,0,0,0,0,1,0,0
200,2878,0,0,0,1,0,0,1,0,0,0,0,0,0,0,1,0
211,973,0,0,0,1,0,0,1,0,0,0,0,0,0,0,0,1
213,1838,0,1,0,0,0,0,0,0,0,0,0,0,0,0,0,0
217,973,0,0,0,1,0,0,1,0,0,0,0,0,0,0,0,1
224,1471,0,1,0,0,0,0,0,0,0,0,0,0,0,0,0,0
229,2450,0,0,0,1,0,0,1,0,0,0,0,0,0,0,0,1
231,2869,0,0,0,0,1,0,0,1,0,0,1,0,0,0,0,0
235,2461,0,0,0,1,0,0,1,0,0,0,0,0,0,0,0,1
271,1988,0,1,0,0,0,0,0,0,0,0,0,0,0,0,0,0
278,968,0,1,0,0,0,0,0,0,0,0,0,0,0,0,0,0
293,1819,0,1,0,0,0,0,0,0,0,0,0,0,0,0,0,0
294,2722,0,0,0,1,0,0,0,0,0,1,0,0,0,0,0,0
303,2731,0,0,0,0,0,1,0,0,0,1,0,0,0,0,0,0
309,719,0,1,0,0,0,0,0,0,0,0,0,0,0,0,0,0
315,1630,0,1,0,0,0,0,0,0,0,0,0,0,0,0,0,0
318,1538,0,1,0,0,0,0,0,0,0,0,0,0,0,0,0,0
327,1449,0,0,0,0,1,0,0,1,0,0,1,0,0,0,0,0
335,1071,0,1,0,0,0,0,0,0,0,0,0,0,0,0,0,0
335,1991,0,0,0,1,0,0,1,0,0,0,0,0,0,0,0,1
336,2731,0,0,0,0,1,0,0,0,0,1,0,0,0,0,0,0
345,1453,0,0,0,0,1,0,0,1,0,0,1,0,0,0,0,0
350,1991,0,0,0,1,0,0,1,0,0,0,0,0,0,0,0,1
352,2472,0,1,0,0,0,0,0,0,0,0,0,0,0,0,0,0
360,2745,0,0,0,0,0,1,0,0,0,0,0,0,1,0,0,0
363,2745,0,0,0,1,0,0,0,0,0,0,0,0,1,0,0,0
365,2078,0,0,0,0,1,0,0,1,0,0,1,0,0,0,0,0
370,601,0,1,0,0,0,0,0,0,0,0,0,0,0,0,0,0
370,799,0,1,0,0,0,0,0,0,0,0,0,0,0,0,0,0
388,2088,0,0,0,0,1,0,0,1,0,0,1,0,0,0,0,0
390,3153,0,1,0,0,0,0,0,0,0,0,0,0,0,0,0,0
403,400,0,0,0,1,0,0,1,0,0,0,0,0,0,0,0,1
404,913,0,1,0,0,0,0,0,0,0,0,0,0,0,0,0,0
407,401,0,0,0,1,0,0,1,0,0,0,0,0,0,0,0,1
414,1473,0,1,0,0,0,0,0,0,0,0,0,0,0,0,0,0
419,1430,0,1,0,0,0,0,0,0,0,0,0,0,0,0,0,0
423,1153,0,1,0,0,0,0,0,0,0,0,0,0,0,0,0,0
432,2216,0,1,0,0,0,0,0,0,0,0,0,0,0,0,0,0
441,3065,0,1,0,0,0,0,0,0,0,0,0,0,0,0,0,0
449,789,0,1,0,0,0,0,0,0,0,0,0,0,0,0,0,0
450,913,0,1,0,0,0,0,0,0,0,0,0,0,0,0,0,0
451,2563,0,1,0,0,0,0,0,0,0,0,0,0,0,0,0,0
464,1395,0,0,0,0,0,0,0,0,0,1,0,0,0,0,0,0
465,2483,0,1,0,0,0,0,0,0,0,0,0,0,0,0,0,0
468,2596,0,0,0,1,0,0,1,0,0,0,0,0,0,0,0,1
468,2885,0,1,0,0,0,0,0,0,0,0,0,0,0,0,0,0
471,2596,0,0,0,1,0,0,1,0,0,0,0,0,0,0,0,1
474,1321,0,0,0,0,0,0,0,0,0,0,0,0,1,0,0,0
475,1321,0,0,0,0,0,0,0,0,0,1,0,0,0,0,0,0
475,1769,0,0,0,0,1,0,0,1,0,0,1,0,0,0,0,0
477,1322,0,0,0,0,0,0,0,0,0,0,0,0,1,0,0,0
477,1323,0,0,0,0,0,1,0,0,0,0,0,0,1,0,0,0
479,719,0,1,0,0,0,0,0,0,0,0,0,0,0,0,0,0
479,1322,0,0,0,0,0,0,0,0,0,0,0,0,1,0,0,0
479,1324,0,0,0,0,0,1,0,0,0,0,0,0,1,0,0,0
481,2255,0,1,0,0,0,0,0,0,0,0,0,0,0,0,0,0
490,1765,0,0,0,0,1,0,0,1,0,0,1,0,0,0,0,0
492,2661,0,1,0,0,0,0,0,0,0,0,0,0,0,0,0,0
511,433,0,0,0,1,0,0,1,0,0,0,0,0,0,0,0,1
511,436,0,0,0,1,0,0,0,0,1,0,0,0,0,1,0,1
516,480,0,0,1,0,0,0,0,0,0,0,0,0,0,0,0,0
520,1624,0,1,0,0,0,0,0,0,0,0,0,0,0,0,0,0
525,1533,0,0,1,0,0,0,0,0,0,0,0,0,0,0,0,0
538,2372,0,0,0,1,0,0,0,0,1,0,0,0,0,1,0,1
538,2383,0,0,0,1,0,0,1,0,0,0,0,0,0,0,0,1
540,1174,0,0,1,0,0,0,0,0,0,0,0,0,0,0,0,0
548,1761,0,0,0,1,0,0,0,0,1,0,0,0,0,1,0,1
548,1765,0,0,0,1,0,0,1,0,0,0,0,0,0,0,0,1
566,553,0,1,0,0,0,0,0,0,0,0,0,0,0,0,0,0
572,2406,0,1,0,0,0,0,0,0,0,0,0,0,0,0,0,0
582,266,0,1,0,0,0,0,0,0,0,0,0,0,0,0,0,0
582,442,0,1,0,0,0,0,0,0,0,0,0,0,0,0,0,0
600,3010,0,1,0,0,0,0,0,0,0,0,0,0,0,0,0,0
600,3126,0,1,0,0,0,0,0,0,0,0,0,0,0,0,0,0
601,681,0,1,0,0,0,0,0,0,0,0,0,0,0,0,0,0
601,2515,0,1,0,0,0,0,0,0,0,0,0,0,0,0,0,0
606,2402,0,1,0,0,0,0,0,0,0,0,0,0,0,0,0,0
614,2860,0,1,0,0,0,0,0,0,0,0,0,0,0,0,0,0
622,1142,0,0,0,1,0,0,1,0,0,0,0,0,0,0,1,0
622,1148,0,0,0,1,0,0,1,0,0,0,0,1,0,0,0,0
626,630,0,0,0,1,0,0,1,0,0,0,0,0,0,0,0,1
637,631,0,0,0,0,0,1,0,0,1,0,0,0,0,1,0,1
637,668,0,0,0,0,1,0,0,1,0,0,1,0,0,0,0,0
642,2253,0,1,0,0,0,0,0,0,0,0,0,0,0,0,0,0
651,2155,0,0,0,0,1,0,0,1,0,0,1,0,0,0,0,0
651,2176,0,0,0,0,1,0,0,1,0,0,1,0,0,0,0,0
652,2047,0,1,0,0,0,0,0,0,0,0,0,0,0,0,0,0
656,2779,0,1,0,0,0,0,0,0,0,0,0,0,0,0,0,0
660,2664,0,1,0,0,0,0,0,0,0,0,0,0,0,0,0,0
671,1074,0,0,0,0,1,0,0,1,0,0,0,0,0,1,0,0
671,1093,0,0,0,0,1,0,0,1,0,0,0,0,0,1,0,0
680,1136,0,0,0,1,0,0,1,0,0,0,0,0,0,0,0,1
680,1146,0,0,0,1,0,0,1,0,0,0,0,0,0,0,0,1
686,396,0,1,0,0,0,0,0,0,0,0,0,0,0,0,0,0
686,2641,0,1,0,0,0,0,0,0,0,0,0,0,0,0,0,0
693,1718,0,1,0,0,0,0,0,0,0,0,0,0,0,0,0,0
698,229,0,1,0,0,0,0,0,0,0,0,0,0,0,0,0,0
705,1547,0,0,0,1,0,0,1,0,0,0,0,0,0,0,0,1
709,345,0,1,0,0,0,0,0,0,0,0,0,0,0,0,0,0
709,1813,0,1,0,0,0,0,0,0,0,0,0,0,0,0,0,0
716,1547,0,0,0,1,0,0,1,0,0,0,0,0,0,0,0,1
725,2383,0,1,0,0,0,0,0,0,0,0,0,0,0,0,0,0
734,2848,0,0,0,1,0,0,1,0,0,0,0,0,0,0,0,1
734,2854,0,0,0,1,0,0,1,0,0,0,0,0,0,0,0,1
736,2440,0,1,0,0,0,0,0,0,0,0,0,0,0,0,0,0
755,633,0,0,0,0,1,0,0,0,0,0,0,0,1,0,0,0
756,636,0,0,0,0,1,0,0,0,0,0,0,0,1,0,0,0
757,638,0,0,0,0,0,1,0,0,0,0,0,0,1,0,0,0
757,3187,0,0,0,1,0,0,1,0,0,0,0,0,0,0,0,1
758,638,0,0,0,0,0,1,0,0,0,0,0,0,1,0,0,0
759,640,0,0,0,0,0,1,0,0,0,0,0,0,1,0,0,0
759,642,0,0,0,0,0,1,0,0,0,0,0,0,1,0,0,0
759,3198,0,0,0,1,0,0,1,0,0,0,0,0,0,0,0,1
760,644,0,0,0,0,0,1,0,0,0,0,0,0,1,0,0,0
760,667,0,0,0,0,1,0,0,0,0,1,0,0,0,0,0,0
762,2635,0,0,0,1,0,0,1,0,0,0,0,0,0,0,0,1
763,2452,0,0,0,0,1,0,0,1,0,0,1,0,0,0,0,0
764,2489,0,0,0,0,1,0,0,1,0,0,1,0,0,0,0,0
768,2635,0,0,0,1,0,0,1,0,0,0,0,0,0,0,0,1
769,679,0,0,0,0,0,1,0,0,0,1,0,0,0,0,0,0
776,679,0,0,0,0,1,0,0,0,0,0,0,0,1,0,0,0
788,352,0,1,0,0,0,0,0,0,0,0,0,0,0,0,0,0
788,2725,0,1,0,0,0,0,0,0,0,0,0,0,0,0,0,0
794,2811,0,1,0,0,0,0,0,0,0,0,0,0,0,0,0,0
807,1430,0,1,0,0,0,0,0,0,0,0,0,0,0,0,0,0
811,975,0,0,0,0,1,0,0,0,0,0,0,0,1,0,0,0
812,857,0,1,0,0,0,0,0,0,0,0,0,0,0,0,0,0
821,2037,0,1,0,0,0,0,0,0,0,0,0,0,0,0,0,0
821,2130,0,0,1,0,0,0,0,0,0,0,0,0,0,0,0,0
823,1303,0,0,0,0,1,0,0,1,0,0,1,0,0,0,0,0
825,953,0,0,0,0,1,0,0,0,0,1,0,0,0,0,0,0
825,956,0,0,0,0,0,1,0,0,0,1,0,0,0,0,0,0
825,958,0,0,0,0,0,1,0,0,0,0,0,0,1,0,0,0
827,956,0,0,0,0,0,1,0,0,0,0,0,0,1,0,0,0
829,2938,0,0,0,0,1,0,0,1,0,0,1,0,0,0,0,0
832,2903,0,0,0,0,1,0,0,1,0,0,1,0,0,0,0,0
837,1827,0,0,0,1,0,0,0,1,0,0,0,0,0,1,0,0
837,1839,0,0,0,1,0,0,0,1,0,0,0,0,0,1,0,0
844,2206,0,0,0,1,0,0,0,1,0,0,0,0,0,1,0,0
847,1298,0,0,0,0,1,0,0,1,0,0,1,0,0,0,0,0
849,2721,0,0,0,1,0,0,0,0,1,0,0,0,0,1,0,1
852,2211,0,0,0,1,0,0,0,1,0,0,0,0,0,1,0,0
852,2721,0,0,0,1,0,0,1,0,0,0,0,0,0,0,0,1
856,1701,0,0,0,0,1,0,0,1,0,0,1,0,0,0,0,0
857,1670,0,0,0,1,0,0,1,0,0,0,0,0,0,0,0,1
857,1683,0,0,0,0,0,1,0,0,1,0,0,0,0,1,0,1
863,739,0,0,1,0,0,0,0,0,0,0,0,0,0,0,0,0
868,2277,0,0,1,0,0,0,0,0,0,0,0,0,0,0,0,0
896,1577,0,0,0,1,0,0,1,0,0,0,0,0,0,0,0,1
897,2211,0,1,0,0,0,0,0,0,0,0,0,0,0,0,0,0
899,1577,0,0,0,0,0,1,0,0,1,0,0,0,0,1,0,1
917,1592,0,0,0,0,1,0,0,1,0,0,1,0,0,0,0,0
934,2445,0,0,0,1,0,0,0,0,1,0,0,0,0,1,0,1
936,759,1,0,0,0,0,0,0,0,0,0,0,0,0,0,0,0
936,762,1,0,0,0,0,0,0,0,0,0,0,0,0,0,0,0
937,756,1,0,0,0,0,0,0,0,0,0,0,0,0,0,0,0
940,3182,0,1,0,0,0,0,0,0,0,0,0,0,0,0,0,0
944,2445,0,0,0,1,0,0,1,0,0,0,0,0,0,0,0,1
948,1436,0,1,0,0,0,0,0,0,0,0,0,0,0,0,0,0
959,2605,0,1,0,0,0,0,0,0,0,0,0,0,0,0,0,0
963,1957,0,0,1,0,0,0,0,0,0,0,0,0,0,0,0,0
979,923,1,0,0,0,0,0,0,0,0,0,0,0,0,0,0,0
981,1345,0,0,1,0,0,0,0,0,0,0,0,0,0,0,0,0
987,2096,0,0,1,0,0,0,0,0,0,0,0,0,0,0,0,0
990,2505,0,0,1,0,0,0,0,0,0,0,0,0,0,0,0,0
995,2645,0,0,0,1,0,0,1,0,0,0,0,0,0,0,0,1
996,801,1,0,0,0,0,0,0,0,0,0,0,0,0,0,0,0
996,836,1,0,0,0,0,0,0,0,0,0,0,0,0,0,0,0
997,900,1,0,0,0,0,0,0,0,0,0,0,0,0,0,0,0
998,2645,0,0,0,1,0,0,1,0,0,0,0,0,0,0,0,1
1002,756,1,0,0,0,0,0,0,0,0,0,0,0,0,0,0,0
1006,748,1,0,0,0,0,0,0,0,0,0,0,0,0,0,0,0
1006,2772,0,1,0,0,0,0,0,0,0,0,0,0,0,0,0,0
1006,2829,0,1,0,0,0,0,0,0,0,0,0,0,0,0,0,0
1007,746,1,0,0,0,0,0,0,0,0,0,0,0,0,0,0,0
1007,769,1,0,0,0,0,0,0,0,0,0,0,0,0,0,0,0
1009,743,1,0,0,0,0,0,0,0,0,0,0,0,0,0,0,0
1010,179,0,1,0,0,0,0,0,0,0,0,0,0,0,0,0,0
1014,885,1,0,0,0,0,0,0,0,0,0,0,0,0,0,0,0
1014,3192,0,1,0,0,0,0,0,0,0,0,0,0,0,0,0,0
1019,2591,0,1,0,0,0,0,0,0,0,0,0,0,0,0,0,0
1025,2894,0,1,0,0,0,0,0,0,0,0,0,0,0,0,0,0
1031,737,1,0,0,0,0,0,0,0,0,0,0,0,0,0,0,0
1033,932,1,0,0,0,0,0,0,0,0,0,0,0,0,0,0,0
1034,248,0,0,0,1,0,0,1,0,0,0,0,0,0,0,0,1
1034,255,0,0,0,1,0,0,1,0,0,0,0,0,0,0,0,1
1034,737,1,0,0,0,0,0,0,0,0,0,0,0,0,0,0,0
1036,842,1,0,0,0,0,0,0,0,0,0,0,0,0,0,0,0
1037,862,1,0,0,0,0,0,0,0,0,0,0,0,0,0,0,0
1042,865,1,0,0,0,0,0,0,0,0,0,0,0,0,0,0,0
1042,867,1,0,0,0,0,0,0,0,0,0,0,0,0,0,0,0
1051,752,1,0,0,0,0,0,0,0,0,0,0,0,0,0,0,0
1051,765,1,0,0,0,0,0,0,0,0,0,0,0,0,0,0,0
1055,724,1,0,0,0,0,0,0,0,0,0,0,0,0,0,0,0
1056,981,1,0,0,0,0,0,0,0,0,0,0,0,0,0,0,0
1056,3155,0,1,0,0,0,0,0,0,0,0,0,0,0,0,0,0
1060,317,0,1,0,0,0,0,0,0,0,0,0,0,0,0,0,0
1060,417,0,1,0,0,0,0,0,0,0,0,0,0,0,0,0,0
1064,805,1,0,0,0,0,0,0,0,0,0,0,0,0,0,0,0
1071,695,1,0,0,0,0,0,0,0,0,0,0,0,0,0,0,0
1073,2425,0,0,0,1,0,0,1,0,0,0,0,1,0,0,0,0
1080,2640,0,1,0,0,0,0,0,0,0,0,0,0,0,0,0,0
1085,2421,0,0,0,1,0,0,1,0,0,0,0,1,0,0,0,0
1086,499,0,1,0,0,0,0,0,0,0,0,0,0,0,0,0,0
1101,810,1,0,0,0,0,0,0,0,0,0,0,0,0,0,0,0
1101,2155,0,1,0,0,0,0,0,0,0,0,0,0,0,0,0,0
1106,2712,0,1,0,0,0,0,0,0,0,0,0,0,0,0,0,0
1112,1912,0,1,0,0,0,0,0,0,0,0,0,0,0,0,0,0
1118,1104,0,0,0,0,0,0,0,0,0,0,0,0,1,0,0,0
1119,1101,0,0,0,0,0,0,0,0,0,0,0,0,1,0,0,0
1119,1102,0,0,0,0,0,0,0,0,0,0,0,0,1,0,0,0
1119,1103,0,0,0,0,0,0,0,0,0,0,0,0,1,0,0,0
1119,1104,0,0,0,0,0,0,0,0,0,0,0,0,1,0,0,0
1120,1101,0,0,0,0,0,0,0,0,0,0,0,0,1,0,0,0
1125,1073,1,0,0,0,0,0,0,0,0,0,0,0,0,0,0,0
1125,1074,1,0,0,0,0,0,0,0,0,0,0,0,0,0,0,0
1126,1072,1,0,0,0,0,0,0,0,0,0,0,0,0,0,0,0
1126,1073,1,0,0,0,0,0,0,0,0,0,0,0,0,0,0,0
1126,1074,1,0,0,0,0,0,0,0,0,0,0,0,0,0,0,0
1127,1073,1,0,0,0,0,0,0,0,0,0,0,0,0,0,0,0
1142,190,0,1,0,0,0,0,0,0,0,0,0,0,0,0,0,0
1142,959,1,0,0,0,0,0,0,0,0,0,0,0,0,0,0,0
1143,956,1,0,0,0,0,0,0,0,0,0,0,0,0,0,0,0
1144,956,1,0,0,0,0,0,0,0,0,0,0,0,0,0,0,0
1147,2272,0,0,0,0,0,0,0,0,0,0,0,0,0,1,0,0
1147,2274,0,0,0,0,0,0,0,0,0,0,0,0,0,1,0,0
1151,810,1,0,0,0,0,0,0,0,0,0,0,0,0,0,0,0
1151,3000,0,0,0,0,1,0,0,1,0,0,1,0,0,0,0,0
1162,858,1,0,0,0,0,0,0,0,0,0,0,0,0,0,0,0
1162,859,1,0,0,0,0,0,0,0,0,0,0,0,0,0,0,0
1163,858,1,0,0,0,0,0,0,0,0,0,0,0,0,0,0,0
1163,859,1,0,0,0,0,0,0,0,0,0,0,0,0,0,0,0
1163,3017,0,0,0,0,1,0,0,1,0,0,1,0,0,0,0,0
1164,816,1,0,0,0,0,0,0,0,0,0,0,0,0,0,0,0
1166,883,1,0,0,0,0,0,0,0,0,0,0,0,0,0,0,0
1189,814,1,0,0,0,0,0,0,0,0,0,0,0,0,0,0,0
1217,956,1,0,0,0,0,0,0,0,0,0,0,0,0,0,0,0
1217,957,1,0,0,0,0,0,0,0,0,0,0,0,0,0,0,0
1218,950,1,0,0,0,0,0,0,0,0,0,0,0,0,0,0,0
1218,953,1,0,0,0,0,0,0,0,0,0,0,0,0,0,0,0
1218,956,1,0,0,0,0,0,0,0,0,0,0,0,0,0,0,0
1218,957,1,0,0,0,0,0,0,0,0,0,0,0,0,0,0,0
1218,2584,0,1,0,0,0,0,0,0,0,0,0,0,0,0,0,0
1224,864,1,0,0,0,0,0,0,0,0,0,0,0,0,0,0,0
1224,884,1,0,0,0,0,0,0,0,0,0,0,0,0,0,0,0
1232,2847,0,0,0,0,0,0,0,0,0,0,0,0,0,1,0,0
1233,429,0,0,0,1,0,0,1,0,0,0,0,0,0,0,1,0
1233,833,1,0,0,0,0,0,0,0,0,0,0,0,0,0,0,0
1234,2847,0,0,0,0,0,0,0,0,0,0,0,0,0,1,0,0
1236,783,1,0,0,0,0,0,0,0,0,0,0,0,0,0,0,0
1238,429,0,0,0,1,0,0,1,0,0,0,0,0,0,0,1,0
1240,2902,0,1,0,0,0,0,0,0,0,0,0,0,0,0,0,0
1242,424,0,0,0,1,0,0,1,0,0,0,0,1,0,0,0,0
1253,2209,0,1,0,0,0,0,0,0,0,0,0,0,0,0,0,0
1271,2053,0,1,0,0,0,0,0,0,0,0,0,0,0,0,0,0
1280,933,1,0,0,0,0,0,0,0,0,0,0,0,0,0,0,0
1281,3314,0,1,0,0,0,0,0,0,0,0,0,0,0,0,0,0
1286,2658,0,1,0,0,0,0,0,0,0,0,0,0,0,0,0,0
1305,1360,0,1,0,0,0,0,0,0,0,0,0,0,0,0,0,0
1312,744,0,0,0,0,1,0,0,1,0,0,0,0,0,1,0,0
1317,2242,0,1,0,0,0,0,0,0,0,0,0,0,0,0,0,0
1317,2845,0,1,0,0,0,0,0,0,0,0,0,0,0,0,0,0
1335,744,0,0,0,0,1,0,0,1,0,0,0,0,0,1,0,0
1345,1467,0,0,0,1,0,0,1,0,0,0,0,0,0,0,0,1
1345,1472,0,0,0,1,0,0,1,0,0,0,0,0,0,0,0,1
1346,2542,0,1,0,0,0,0,0,0,0,0,0,0,0,0,0,0
1359,1046,0,1,0,0,0,0,0,0,0,0,0,0,0,0,0,0
1359,1952,0,1,0,0,0,0,0,0,0,0,0,0,0,0,0,0
1362,494,0,0,0,0,1,0,0,1,0,0,1,0,0,0,0,0
1381,500,0,0,0,0,0,1,0,0,1,0,0,0,0,1,0,0
1381,518,0,0,0,1,0,0,0,1,0,0,0,0,0,1,0,0
1386,2649,0,0,1,0,0,0,0,0,0,0,0,0,0,0,0,0
1391,1000,0,0,1,0,0,0,0,0,0,0,0,0,0,0,0,0
1394,1110,0,0,0,1,0,0,0,1,0,0,0,0,0,1,0,0
1394,1119,0,0,0,1,0,0,0,1,0,0,0,0,0,1,0,0
1396,2712,0,1,0,0,0,0,0,0,0,0,0,0,0,0,0,0
1404,2241,0,1,0,0,0,0,0,0,0,0,0,0,0,0,0,0
1407,2131,0,1,0,0,0,0,0,0,0,0,0,0,0,0,0,0
1422,2103,0,1,0,0,0,0,0,0,0,0,0,0,0,0,0,0
1426,3116,0,1,0,0,0,0,0,0,0,0,0,0,0,0,0,0
1431,1451,0,1,0,0,0,0,0,0,0,0,0,0,0,0,0,0
1431,1880,0,0,0,1,0,0,1,0,0,0,0,0,0,0,0,1
1437,1874,0,0,0,0,0,1,0,0,1,0,0,0,0,1,0,1
1438,2739,0,0,0,1,0,0,1,0,0,0,0,0,0,0,1,0
1439,1848,0,0,0,0,1,0,0,1,0,0,1,0,0,0,0,0
1444,2739,0,0,0,0,0,1,0,0,1,0,1,0,0,0,0,0
1451,3137,0,0,0,1,0,0,1,0,0,0,0,0,0,0,0,1
1455,2749,0,0,0,0,1,0,0,1,0,0,0,0,0,1,0,0
1457,3137,0,0,0,1,0,0,1,0,0,0,0,0,0,0,0,1
1458,2951,0,1,0,0,0,0,0,0,0,0,0,0,0,0,0,0
1467,671,0,1,0,0,0,0,0,0,0,0,0,0,0,0,0,0
1468,1457,0,0,0,1,0,0,1,0,0,0,0,0,0,0,1,0
1468,2020,0,1,0,0,0,0,0,0,0,0,0,0,0,0,0,0
1470,976,0,1,0,0,0,0,0,0,0,0,0,0,0,0,0,0
1473,1457,0,0,0,1,0,0,1,0,0,0,0,0,0,0,0,1
1474,2487,0,0,0,0,1,0,0,0,0,1,0,0,0,0,0,0
1482,2428,0,0,0,0,1,0,0,0,0,0,0,0,1,0,0,0
1482,2461,0,0,0,0,1,0,0,0,0,1,0,0,0,0,0,0
1484,1457,0,0,0,1,0,0,1,0,0,0,0,0,0,0,0,1
1487,403,0,0,0,1,0,0,1,0,0,0,0,0,0,0,0,1
1490,2602,0,0,0,0,1,0,0,1,0,0,1,0,0,0,0,0
1492,403,0,0,0,1,0,0,1,0,0,0,0,0,0,0,0,1
1492,2417,0,0,0,0,1,0,0,0,0,0,0,0,1,0,0,0
1505,2182,0,1,0,0,0,0,0,0,0,0,0,0,0,0,0,0
1506,713,0,0,0,0,0,0,0,0,0,0,0,0,0,1,0,0
1507,2356,0,0,0,0,1,0,0,0,0,1,0,0,0,0,0,0
1508,713,0,0,0,0,0,0,0,0,0,0,0,0,0,1,0,0
1508,2604,0,0,0,0,1,0,0,1,0,0,1,0,0,0,0,0
1510,2311,0,0,0,1,0,0,1,0,0,0,0,1,0,0,0,0
1510,2329,0,0,0,0,0,1,1,0,0,0,0,1,0,0,0,0
1527,2410,0,0,0,0,0,0,0,0,0,0,0,0,1,0,0,0
1536,1103,0,1,0,0,0,0,0,0,0,0,0,0,0,0,0,0
1537,1420,0,1,0,0,0,0,0,0,0,0,0,0,0,0,0,0
1537,2917,0,1,0,0,0,0,0,0,0,0,0,0,0,0,0,0
1540,1000,0,1,0,0,0,0,0,0,0,0,0,0,0,0,0,0
1542,2017,0,0,0,1,0,0,1,0,0,0,0,0,0,0,0,1
1542,2021,0,0,0,1,0,0,1,0,0,0,0,0,0,0,1,0
1543,1674,0,1,0,0,0,0,0,0,0,0,0,0,0,0,0,0
1544,2009,0,0,0,1,0,0,1,0,0,0,0,0,0,0,0,1
1552,324,0,1,0,0,0,0,0,0,0,0,0,0,0,0,0,0
1562,2351,0,0,0,0,1,0,0,1,0,0,1,0,0,0,0,0
1568,1820,0,0,0,0,1,0,0,1,0,0,0,0,0,1,0,0
1570,2143,0,0,0,0,1,0,0,0,0,0,0,0,1,0,0,0
1570,2198,0,0,0,0,0,0,0,0,0,1,0,0,0,0,0,0
1571,3184,0,1,0,0,0,0,0,0,0,0,0,0,0,0,0,0
1575,2129,0,0,0,0,0,0,0,0,0,0,0,0,1,0,0,0
1577,2129,0,0,0,0,0,0,0,0,0,0,0,0,1,0,0,0
1580,1767,0,1,0,0,0,0,0,0,0,0,0,0,0,0,0,0
1580,1810,0,0,0,0,1,0,0,1,0,0,0,0,0,1,0,0
1581,1558,0,0,0,1,0,0,1,0,0,0,0,0,0,0,0,1
1583,1669,0,0,0,0,1,0,0,1,0,0,0,0,0,1,0,0
1586,550,0,0,0,1,0,0,1,0,0,0,0,0,0,0,0,1
1588,1565,0,0,0,1,0,0,1,0,0,0,0,0,0,0,0,1
1588,1646,0,0,0,0,1,0,0,1,0,0,0,0,0,1,0,0
1590,2357,0,0,0,0,1,0,0,1,0,0,1,0,0,0,0,0
1599,550,0,0,0,1,0,0,1,0,0,0,0,0,0,0,0,1
1600,2793,0,0,0,0,1,0,0,1,0,0,1,0,0,0,0,0
1612,312,0,1,0,0,0,0,0,0,0,0,0,0,0,0,0,0
1614,2133,0,0,0,0,0,0,0,0,0,1,0,0,0,0,0,0
1620,2777,0,0,0,0,1,0,0,1,0,0,1,0,0,0,0,0
1623,1146,0,0,0,1,0,0,1,0,0,0,0,0,0,0,0,1
1625,2501,0,1,0,0,0,0,0,0,0,0,0,0,0,0,0,0
1628,1146,0,0,0,1,0,0,1,0,0,0,0,0,0,0,0,1
1630,281,0,0,0,1,0,0,1,0,0,0,0,0,0,0,0,1
1634,281,0,0,0,1,0,0,1,0,0,0,0,0,0,0,0,1
1638,1589,0,1,0,0,0,0,0,0,0,0,0,0,0,0,0,0
1648,2742,0,0,0,0,1,0,0,1,0,0,1,0,0,0,0,0
1654,1109,0,1,0,0,0,0,0,0,0,0,0,0,0,0,0,0
1662,2428,0,1,0,0,0,0,0,0,0,0,0,0,0,0,0,0
1664,581,0,1,0,0,0,0,0,0,0,0,0,0,0,0,0,0
1669,2244,0,0,0,0,0,0,0,0,0,0,1,0,0,0,0,0
1669,2246,0,0,0,0,0,0,0,0,0,0,0,0,0,1,0,0
1671,2735,0,0,0,0,1,0,0,1,0,0,1,0,0,0,0,0
1707,3069,0,0,0,0,1,0,0,1,0,0,1,0,0,0,0,0
1714,2618,0,0,0,0,1,0,0,0,0,0,0,0,1,0,0,0
1714,2637,0,0,0,0,1,0,0,0,0,0,0,0,1,0,0,0
1717,2366,0,0,1,0,0,0,0,0,0,0,0,0,0,0,0,0
1720,439,0,0,0,0,1,0,0,1,0,0,1,0,0,0,0,0
1724,1405,0,1,0,0,0,0,0,0,0,0,0,0,0,0,0,0
1732,2029,0,1,0,0,0,0,0,0,0,0,0,0,0,0,0,0
1736,3058,0,0,0,1,0,0,1,0,0,0,0,0,0,0,0,1
1736,3065,0,0,0,0,0,1,0,0,1,0,0,0,0,1,0,1
1740,439,0,0,0,0,1,0,0,1,0,0,1,0,0,0,0,0
1746,1270,0,0,0,0,1,0,0,0,0,0,0,0,1,0,0,0
1747,2734,0,0,0,1,0,0,0,0,0,1,0,0,0,0,0,0
1747,2738,0,0,0,1,0,0,0,0,0,1,0,0,0,0,0,0
1750,2674,0,0,0,0,0,0,0,0,0,0,0,0,1,0,0,0
1753,950,0,1,0,0,0,0,0,0,0,0,0,0,0,0,0,0
1754,2535,0,0,0,0,0,0,0,0,0,1,0,0,0,0,0,0
1774,2556,0,0,0,0,1,0,0,0,0,1,0,0,0,0,0,0
1775,1270,0,0,0,0,1,0,0,0,0,0,0,0,1,0,0,0
1776,790,0,1,0,0,0,0,0,0,0,0,0,0,0,0,0,0
1780,3199,0,1,0,0,0,0,0,0,0,0,0,0,0,0,0,0
1786,2646,0,0,0,0,0,0,0,0,0,1,0,0,0,0,0,0
1789,1265,0,0,0,0,1,0,0,0,0,1,0,0,0,0,0,0
1789,2274,0,1,0,0,0,0,0,0,0,0,0,0,0,0,0,0
1792,2560,0,0,0,0,1,0,0,0,0,0,0,0,1,0,0,0
1792,2609,0,0,0,0,0,0,0,0,0,1,0,0,0,0,0,0
1795,2032,0,1,0,0,0,0,0,0,0,0,0,0,0,0,0,0
1795,2133,0,1,0,0,0,0,0,0,0,0,0,0,0,0,0,0
1801,2547,0,0,0,0,1,0,0,0,0,0,0,0,1,0,0,0
1809,3212,0,1,0,0,0,0,0,0,0,0,0,0,0,0,0,0
1811,751,0,0,0,1,0,0,1,0,0,0,0,0,0,0,0,1
1811,757,0,0,0,1,0,0,1,0,0,0,0,0,0,0,0,1
1826,1324,0,0,0,1,0,0,0,0,0,0,0,0,1,0,0,0
1826,1335,0,0,0,1,0,0,0,0,0,0,0,0,1,0,0,0
1829,1579,0,1,0,0,0,0,0,0,0,0,0,0,0,0,0,0
1837,3023,0,1,0,0,0,0,0,0,0,0,0,0,0,0,0,0
1842,1800,0,1,0,0,0,0,0,0,0,0,0,0,0,0,0,0
1843,1285,0,0,0,0,1,0,0,0,0,0,0,0,1,0,0,0
1843,1292,0,0,0,0,1,0,0,0,0,0,0,0,1,0,0,0
1854,2948,0,1,0,0,0,0,0,0,0,0,0,0,0,0,0,0
1855,314,0,1,0,0,0,0,0,0,0,0,0,0,0,0,0,0
1862,1225,0,0,0,1,0,0,0,0,0,0,0,0,1,0,0,0
1871,1229,0,0,0,1,0,0,0,0,0,1,0,0,0,0,0,0
1871,1236,0,0,0,1,0,0,0,0,0,0,0,0,1,0,0,0
1873,1014,0,1,0,0,0,0,0,0,0,0,0,0,0,0,0,0
1875,682,0,0,0,0,1,0,0,1,0,0,1,0,0,0,0,0
1875,703,0,0,0,0,1,0,0,1,0,0,1,0,0,0,0,0
1876,827,0,1,0,0,0,0,0,0,0,0,0,0,0,0,0,0
1880,1794,0,0,0,0,1,0,0,1,0,0,0,0,0,1,0,0
1884,1664,0,1,0,0,0,0,0,0,0,0,0,0,0,0,0,0
1884,1776,0,0,0,0,1,0,0,1,0,0,0,0,0,1,0,0
1885,2169,0,1,0,0,0,0,0,0,0,0,0,0,0,0,0,0
1890,3206,0,1,0,0,0,0,0,0,0,0,0,0,0,0,0,0
1895,2626,0,0,0,0,0,0,0,0,0,1,0,0,0,0,0,0
1912,1543,0,0,0,0,1,0,0,1,0,0,1,0,0,0,0,0
1912,2308,0,1,0,0,0,0,0,0,0,0,0,0,0,0,0,0
1922,1521,0,0,0,0,1,0,0,1,0,0,1,0,0,0,0,0
1924,1364,0,1,0,0,0,0,0,0,0,0,0,0,0,0,0,0
1935,2865,0,0,0,1,0,0,1,0,0,0,0,0,0,0,0,1
1939,2543,0,0,0,0,0,0,0,0,0,1,0,0,0,0,0,0
1939,2865,0,0,0,1,0,0,1,0,0,0,0,0,0,0,0,1
1941,2590,0,0,0,0,1,0,0,0,0,0,0,0,1,0,0,0
1941,2593,0,0,0,0,1,0,0,0,0,0,0,0,1,0,0,0
1946,2656,0,0,0,1,0,0,0,0,0,0,0,0,1,0,0,0
1948,1379,0,1,0,0,0,0,0,0,0,0,0,0,0,0,0,0
1949,1523,0,0,0,0,0,1,0,0,1,0,0,0,0,1,0,1
1950,1534,0,0,0,1,0,0,1,0,0,0,0,0,0,0,0,1
1953,2023,0,0,0,0,0,0,0,0,0,0,0,0,0,1,0,0
1953,2025,0,0,0,0,0,0,0,0,0,0,0,0,0,1,0,0
1954,1441,0,1,0,0,0,0,0,0,0,0,0,0,0,0,0,0
1956,2656,0,0,0,0,0,1,0,0,0,0,0,0,1,0,0,0
1960,2673,0,1,0,0,1,0,0,0,0,0,0,0,0,0,0,0
1963,1217,0,1,0,0,0,0,0,0,0,0,0,0,0,0,0,0
1964,1693,0,1,0,0,0,0,0,0,0,0,0,0,0,0,0,0
1966,1744,0,1,0,0,0,0,0,0,0,0,0,0,0,0,0,0
1967,2461,0,1,0,0,0,0,0,0,0,0,0,0,0,0,0,0
1976,2377,0,1,0,0,0,0,0,0,0,0,0,0,0,0,0,0
1986,2767,0,1,0,0,0,0,0,0,0,0,0,0,0,0,0,0
1986,2832,0,1,0,0,0,0,0,0,0,0,0,0,0,0,0,0
1997,1027,0,1,0,0,0,0,0,0,0,0,0,0,0,0,0,0
1999,627,0,1,0,0,0,0,0,0,0,0,0,0,0,0,0,0
2004,1439,0,1,0,0,0,0,0,0,0,0,0,0,0,0,0,0
2018,1393,0,0,0,1,0,0,1,0,0,0,0,0,0,0,1,0
2023,1393,0,0,0,1,0,0,1,0,0,0,0,0,0,0,1,0
2025,1829,0,1,0,0,0,0,0,0,0,0,0,0,0,0,0,0
2030,943,0,0,1,0,0,0,0,0,0,0,0,0,0,0,0,0
2036,1611,0,1,0,0,0,0,0,0,0,0,0,0,0,0,0,0
2040,2206,0,1,0,0,0,0,0,0,0,0,0,0,0,0,0,0
2043,1680,0,0,0,1,0,0,1,0,0,0,0,0,0,0,0,1
2053,488,0,0,0,1,0,0,1,0,0,0,0,0,0,0,1,0
2053,493,0,0,0,1,0,0,1,0,0,0,0,0,0,0,1,0
2057,1683,0,0,0,1,0,0,1,0,0,0,0,0,0,0,0,1
2072,2511,0,1,0,0,0,0,0,0,0,0,0,0,0,0,0,0
2077,1207,0,1,0,0,0,0,0,0,0,0,0,0,0,0,0,0
2078,694,0,1,0,0,0,0,0,0,0,0,0,0,0,0,0,0
2089,628,0,0,0,1,0,0,1,0,0,0,0,0,0,0,0,1
2091,511,0,0,1,0,0,0,0,0,0,0,0,0,0,0,0,0
2096,625,0,0,0,1,0,0,1,0,0,0,0,0,0,0,0,1
2117,1959,0,0,0,1,0,0,1,0,0,0,0,1,0,0,0,0
2124,1959,0,0,0,1,0,0,1,0,0,0,0,0,0,0,0,1
2133,1968,0,0,0,1,0,0,1,0,0,0,0,0,0,0,0,1
2149,1519,0,1,0,0,0,0,0,0,0,0,0,0,0,0,0,0
2160,1660,0,1,0,0,0,0,0,0,0,0,0,0,0,0,0,0
2181,1609,0,1,0,0,0,0,0,0,0,0,0,0,0,0,0,0
2183,1968,0,1,0,0,0,0,0,0,0,0,0,0,0,0,0,0
2190,1519,0,1,0,0,0,0,0,0,0,0,0,0,0,0,0,0
2219,2373,0,1,0,0,0,0,0,0,0,0,0,0,0,0,0,0
2223,960,0,1,0,0,0,0,0,0,0,0,0,0,0,0,0,0
2226,1394,0,0,1,0,0,0,0,0,0,0,0,0,0,0,0,0
2252,2404,0,0,1,0,0,0,0,0,0,0,0,0,0,0,0,0
2257,938,0,1,0,0,0,0,0,0,0,0,0,0,0,0,0,0
2260,1699,0,1,0,0,0,0,0,0,0,0,0,0,0,0,0,0
2264,618,0,1,0,0,0,0,0,0,0,0,0,0,0,0,0,0
2271,1988,0,1,0,0,0,0,0,0,0,0,0,0,0,0,0,0
2291,2728,0,0,0,0,1,0,0,1,0,0,1,0,0,0,0,0
2293,1552,0,0,0,1,0,0,1,0,0,0,0,0,0,0,0,1
2293,1556,0,0,0,1,0,0,1,0,0,0,0,0,0,0,0,1
2309,1737,0,1,0,0,0,0,0,0,0,0,0,0,0,0,0,0
2312,1963,0,0,0,1,0,0,1,0,0,0,0,0,0,0,0,1
2312,1971,0,0,0,1,0,0,1,0,0,0,0,0,0,0,0,1
2316,2716,0,0,0,0,1,0,0,1,0,0,1,0,0,0,0,0
