14,1758,0,0,0,0,1,0,0,1,0,0,1,0,0,0,0,0
18,2246,0,0,0,1,0,0,1,0,0,0,0,0,0,0,0,1
21,2788,0,0,0,1,0,0,1,0,0,0,0,0,0,0,0,1
22,2886,0,1,0,0,0,0,0,0,0,0,0,0,0,0,0,0
24,1740,0,0,0,0,0,1,0,0,1,0,0,0,0,1,0,1
24,2246,0,0,0,1,0,0,1,0,0,0,0,0,0,0,0,1
30,2786,0,0,0,1,0,0,1,0,0,0,0,0,0,0,0,1
33,1740,0,0,0,1,0,0,1,0,0,0,0,0,0,0,0,1
41,2518,0,1,0,0,0,0,0,0,0,0,0,0,0,0,0,0
56,2253,0,1,0,0,0,0,0,0,0,0,0,0,0,0,0,0
59,1866,0,1,0,0,0,0,0,0,0,0,0,0,0,0,0,0
86,2171,0,0,0,1,0,0,1,0,0,0,0,0,0,0,0,1
86,2180,0,0,0,1,0,0,1,0,0,0,0,0,0,0,0,1
124,2517,0,1,0,0,0,0,0,0,0,0,0,0,0,0,0,0
126,2285,0,0,0,1,0,0,1,0,0,0,0,0,0,0,0,1
126,2290,0,0,0,1,0,0,1,0,0,0,0,0,0,0,0,1
140,1210,0,1,0,0,0,0,0,0,0,0,0,0,0,0,0,0
169,932,0,1,0,0,0,0,0,0,0,0,0,0,0,0,0,0
173,2786,0,0,0,0,1,0,0,0,0,0,0,0,1,0,0,0
179,2618,0,0,0,0,0,0,0,0,0,0,0,0,0,1,0,0
181,2618,0,0,0,0,0,0,0,0,0,0,0,0,0,1,0,0
185,2180,0,1,0,0,0,0,0,0,0,0,0,0,0,0,0,0
196,2779,0,0,0,0,1,0,0,0,0,0,0,0,1,0,0,0
202,2756,0,0,0,0,0,1,0,0,0,0,0,0,1,0,0,0
202,2902,0,0,0,1,0,0,1,0,0,0,0,0,0,0,1,0
208,2756,0,0,0,0,0,1,0,0,0,0,0,0,1,0,0,0
210,2723,0,0,0,0,1,0,0,0,0,1,0,0,0,0,0,0
213,2346,0,0,0,0,1,0,0,1,0,0,1,0,0,0,0,0
217,2902,0,0,0,1,0,0,1,0,0,0,0,0,0,0,1,0
221,2155,0,1,0,0,0,0,0,0,0,0,0,0,0,0,0,0
227,2327,0,0,0,0,0,1,0,0,1,0,1,0,0,0,0,0
229,2325,0,0,0,1,0,0,1,0,0,0,0,0,0,0,1,0
268,1987,0,0,0,0,1,0,0,1,0,0,1,0,0,0,0,0
280,614,0,1,0,0,0,0,0,0,0,0,0,0,0,0,0,0
281,927,0,1,0,0,0,0,0,0,0,0,0,0,0,0,0,0
284,825,0,1,0,0,0,0,0,0,0,0,0,0,0,0,0,0
285,1998,0,0,0,0,1,0,0,1,0,0,1,0,0,0,0,0
290,1673,0,1,0,0,0,0,0,0,0,0,0,0,0,0,0,0
296,2589,0,0,0,0,0,0,0,0,0,1,0,0,0,0,0,0
298,1011,0,0,0,1,0,0,1,0,0,0,0,0,0,0,1,0
298,1015,0,0,0,1,0,0,1,0,0,0,0,0,0,0,1,0
300,1498,0,1,0,0,0,0,0,0,0,0,0,0,0,0,0,0
311,2532,0,0,0,0,1,0,0,0,0,1,0,0,0,0,0,0
316,1199,0,1,0,0,0,0,0,0,0,0,0,0,0,0,0,0
317,2501,0,0,0,0,1,0,0,0,0,1,0,0,0,0,0,0
325,1425,0,0,0,1,0,0,1,0,0,0,0,0,0,0,0,1
325,1438,0,0,0,1,0,0,1,0,0,0,0,0,0,0,0,1
329,2579,0,0,0,0,0,0,0,0,0,1,0,0,0,0,0,0
331,2209,0,0,0,1,0,0,1,0,0,0,0,0,0,0,0,1
331,2214,0,0,0,1,0,0,1,0,0,0,0,0,0,0,0,1
334,2008,0,1,0,0,0,0,0,0,0,0,0,0,0,0,0,0
335,2490,0,0,0,0,1,0,0,0,0,0,0,0,1,0,0,0
344,1607,0,1,0,0,0,0,0,0,0,0,0,0,0,0,0,0
351,2640,0,1,0,0,0,0,0,0,0,0,0,0,0,0,0,0
355,1198,0,1,0,0,0,0,0,0,0,0,0,0,0,0,0,0
360,444,0,1,0,0,0,0,0,0,0,0,0,0,0,0,0,0
365,2095,0,1,0,0,0,0,0,0,0,0,0,0,0,0,0,0
370,2263,0,1,0,0,0,0,0,0,0,0,0,0,0,0,0,0
379,2934,0,1,0,0,0,0,0,0,0,0,0,0,0,0,0,0
382,1163,0,1,0,0,0,0,0,0,0,0,0,0,0,0,0,0
401,762,0,0,0,1,0,0,1,0,0,0,0,0,0,0,1,0
406,762,0,0,0,1,0,0,1,0,0,0,0,1,0,0,0,0
433,1578,0,1,0,0,0,0,0,0,0,0,0,0,0,0,0,0
433,1660,0,1,0,0,0,0,0,0,0,0,0,0,0,0,0,0
433,2537,0,1,0,0,0,0,0,0,0,0,0,0,0,0,0,0
436,2084,0,1,0,0,0,0,0,0,0,0,0,0,0,0,0,0
440,1804,0,1,0,0,0,0,0,0,0,0,0,0,0,0,0,0
446,2199,0,0,0,0,1,0,0,1,0,0,0,0,0,1,0,0
449,2217,0,0,0,0,1,0,0,1,0,0,1,0,0,0,0,0
458,2762,0,0,0,1,0,0,1,0,0,0,0,0,0,0,1,0
469,2760,0,0,0,1,0,0,1,0,0,0,0,0,0,0,0,1
474,2238,0,0,0,0,1,0,0,0,0,0,0,0,1,0,0,0
476,2316,0,0,0,1,0,0,0,0,0,1,0,0,0,0,0,0
476,2328,0,0,0,0,0,1,0,0,0,0,0,0,1,0,0,0
476,2760,0,0,0,1,0,0,1,0,0,0,0,0,0,0,0,1
477,684,0,1,0,0,0,0,0,0,0,0,0,0,0,0,0,0
484,317,0,1,0,0,0,0,0,0,0,0,0,0,0,0,0,0
499,905,0,1,0,0,0,0,0,0,0,0,0,0,0,0,0,0
499,2251,0,0,0,0,1,0,0,0,0,0,0,0,1,0,0,0
508,2274,0,0,0,0,1,0,0,0,0,0,0,0,1,0,0,0
509,2330,0,0,0,0,1,0,0,0,0,0,0,0,1,0,0,0
511,690,0,1,0,0,0,0,0,0,0,0,0,0,0,0,0,0
527,2311,0,0,0,0,1,0,0,0,0,1,0,0,0,0,0,0
527,2901,0,1,0,0,0,0,0,0,0,0,0,0,0,0,0,0
551,561,0,0,0,0,1,0,0,0,0,1,0,0,0,0,0,0
555,1067,0,1,0,0,0,0,0,0,0,0,0,0,0,0,0,0
569,1754,0,0,0,0,1,0,0,1,0,0,1,0,0,0,0,0
572,2040,0,0,0,0,1,0,0,1,0,0,0,0,0,1,0,0
572,2071,0,0,0,0,1,0,0,1,0,0,0,0,0,1,0,0
577,549,0,0,0,0,0,0,0,0,0,0,0,0,1,0,0,0
577,550,0,0,0,0,0,0,0,0,0,0,0,0,1,0,0,0
577,551,0,0,0,0,0,0,0,0,0,0,0,0,1,0,0,0
578,549,0,0,0,0,0,0,0,0,0,0,0,0,1,0,0,0
578,550,0,0,0,0,0,0,0,0,0,0,0,0,1,0,0,0
578,551,0,0,0,0,0,0,0,0,0,0,0,0,1,0,0,0
583,1735,0,0,0,0,1,0,0,1,0,0,0,0,0,1,0,0
600,2188,0,0,0,0,0,0,0,0,0,0,0,0,0,1,0,0
600,2190,0,0,0,0,0,1,0,0,1,0,0,0,0,1,0,0
601,2192,0,0,0,0,1,0,1,0,0,0,0,0,0,0,0,1
605,2197,0,0,0,0,1,0,1,0,0,0,0,0,0,0,0,1
622,3221,0,0,0,0,1,0,0,1,0,0,1,0,0,0,0,0
622,3248,0,0,0,0,1,0,0,1,0,0,1,0,0,0,0,0
639,1425,0,1,0,0,0,0,0,0,0,0,0,0,0,0,0,0
644,457,0,0,0,0,0,0,0,0,0,1,0,0,0,0,0,0
651,377,0,1,0,0,0,0,0,0,0,0,0,0,0,0,0,0
651,2371,0,0,0,1,0,0,0,0,0,0,0,0,1,0,0,0
651,2384,0,0,0,1,0,0,0,0,0,0,0,0,1,0,0,0
653,509,0,0,0,0,0,1,0,0,0,0,0,0,1,0,0,0
653,518,0,0,0,1,0,0,0,0,0,0,0,0,1,0,0,0
656,3277,0,0,0,1,0,0,1,0,0,0,0,0,0,0,0,1
656,3283,0,0,0,1,0,0,1,0,0,0,0,0,0,0,0,1
657,2314,0,0,0,0,1,0,0,0,0,1,0,0,0,0,0,0
657,2876,0,0,0,1,0,0,1,0,0,0,0,0,0,0,1,0
659,2290,0,0,0,0,1,0,0,0,0,0,0,0,1,0,0,0
659,2302,0,0,0,0,0,1,0,0,0,0,0,0,1,0,0,0
661,2865,0,0,0,1,0,0,1,0,0,0,0,0,0,0,1,0
662,212,0,1,0,0,0,0,0,0,0,0,0,0,0,0,0,0
664,2477,0,0,0,1,0,0,1,0,0,0,0,0,0,0,1,0
665,1734,0,1,0,0,0,0,0,0,0,0,0,0,0,0,0,0
666,500,0,0,0,0,1,0,0,0,0,1,0,0,0,0,0,0
666,2314,0,0,0,0,0,1,0,0,0,0,0,0,1,0,0,0
671,2314,0,0,0,0,1,0,0,0,0,0,0,0,1,0,0,0
675,2484,0,0,0,1,0,0,1,0,0,0,0,0,0,0,1,0
682,488,0,0,0,0,1,0,0,0,0,1,0,0,0,0,0,0
683,2396,0,0,0,0,0,0,0,0,0,1,0,0,0,0,0,0
696,1304,0,0,0,0,1,0,0,0,0,1,0,0,0,0,0,0
697,1293,0,0,0,0,1,0,0,0,0,0,0,0,1,0,0,0
697,1297,0,0,0,0,1,0,0,0,0,0,0,0,1,0,0,0
699,2536,0,1,0,0,0,0,0,0,0,0,0,0,0,0,0,0
704,234,0,0,0,0,1,0,0,1,0,0,1,0,0,0,0,0
705,1302,0,0,0,0,1,0,0,0,0,0,0,0,1,0,0,0
709,1302,0,0,0,0,1,0,0,0,0,0,0,0,1,0,0,0
709,1722,0,0,1,0,0,0,0,0,0,0,0,0,0,0,0,0
710,681,0,0,1,0,0,0,0,0,0,0,0,0,0,0,0,0
722,797,0,0,1,0,0,0,0,0,0,0,0,0,0,0,0,0
728,242,0,0,0,0,1,0,0,1,0,0,1,0,0,0,0,0
731,884,0,0,0,0,1,0,0,0,0,1,0,0,0,0,0,0
734,498,0,0,0,1,0,0,0,1,0,0,0,0,0,1,0,0
734,2377,0,1,0,0,0,0,0,0,0,0,0,0,0,0,0,0
739,498,0,0,0,1,0,0,0,1,0,0,1,0,0,0,0,0
740,1455,0,0,0,1,0,0,0,0,1,0,0,0,0,1,0,1
740,2696,0,0,0,0,1,0,0,1,0,0,0,0,0,1,0,0
745,1725,0,0,1,0,0,0,0,0,0,0,0,0,0,0,0,0
749,2711,0,0,0,0,1,0,0,1,0,0,0,0,0,1,0,0
750,1455,0,0,0,1,0,0,1,0,0,0,0,0,0,0,0,1
751,836,0,0,0,0,1,0,0,0,0,0,0,0,1,0,0,0
751,840,0,0,0,0,1,0,0,0,0,0,0,0,1,0,0,0
758,3108,0,1,0,0,0,0,0,0,0,0,0,0,0,0,0,0
762,2095,0,0,0,1,0,0,1,0,0,0,0,0,0,0,0,1
762,2099,0,0,0,1,0,0,1,0,0,0,0,0,0,0,0,1
763,879,0,0,0,0,0,1,0,0,0,0,0,0,1,0,0,0
766,2997,0,0,0,1,0,0,1,0,0,0,0,0,0,0,1,0
773,879,0,0,0,0,1,0,0,0,0,0,0,0,1,0,0,0
773,1343,0,0,0,0,0,0,0,0,0,1,0,0,0,0,0,0
775,814,0,0,0,0,0,0,0,0,0,0,0,0,1,0,0,0
775,816,0,0,0,0,0,0,0,0,0,0,0,0,1,0,0,0
775,2986,0,0,0,1,0,0,1,0,0,0,0,0,0,0,0,1
775,2994,0,0,0,1,0,0,1,0,0,0,0,0,0,0,0,1
776,483,0,0,0,1,0,0,1,0,0,0,0,0,0,0,0,1
777,481,0,0,0,1,0,0,1,0,0,0,0,0,0,0,0,1
777,2749,0,1,0,0,0,0,0,0,0,0,0,0,0,0,0,0
787,3070,0,0,1,0,0,0,0,0,0,0,0,0,0,0,0,0
794,940,0,1,0,0,0,0,0,0,0,0,0,0,0,0,0,0
797,1281,0,0,0,1,0,0,0,0,0,0,0,0,1,0,0,0
800,805,0,0,0,0,0,0,0,0,0,0,0,0,1,0,0,0
801,805,0,0,0,0,0,0,0,0,0,0,0,0,1,0,0,0
804,623,0,0,1,0,0,0,0,0,0,0,0,0,0,0,0,0
804,2066,0,0,1,0,0,0,0,0,0,0,0,0,0,0,0,0
807,1199,0,1,0,1,0,0,0,0,0,0,0,0,0,0,0,0
807,1208,0,0,0,1,0,0,0,0,0,0,0,0,1,0,0,0
807,1281,0,0,0,1,0,0,0,0,0,0,0,0,1,0,0,0
808,1273,0,0,0,1,0,0,0,0,0,1,0,0,0,0,0,0
827,2967,0,1,0,0,0,0,0,0,0,0,0,0,0,0,0,0
842,2891,0,1,0,0,0,0,0,0,0,0,0,0,0,0,0,0
856,2586,0,0,0,0,0,1,0,0,1,0,0,0,0,1,0,0
859,2609,0,0,0,0,1,0,0,1,0,0,1,0,0,0,0,0
861,308,0,0,0,0,0,0,0,0,0,1,0,0,0,0,0,0
868,2581,0,0,0,1,0,0,0,1,0,0,0,0,0,1,0,0
870,259,0,0,0,0,1,0,0,0,0,1,0,0,0,0,0,0
871,2878,0,0,0,0,0,0,0,0,0,0,0,0,1,0,0,0
877,2707,0,0,1,0,0,0,0,0,0,0,0,0,0,0,0,0
880,420,0,1,0,0,0,0,0,0,0,0,0,0,0,0,0,0
889,247,0,0,0,0,0,1,0,0,0,0,0,0,1,0,0,0
892,247,0,0,0,1,0,0,0,0,0,0,0,0,1,0,0,0
893,358,0,0,0,1,0,0,0,0,0,0,0,0,1,0,0,0
894,1156,0,1,0,0,0,0,0,0,0,0,0,0,0,0,0,0
894,2849,0,0,0,0,0,0,0,0,0,0,0,0,1,0,0,0
897,358,0,0,0,0,0,1,0,0,0,0,0,0,1,0,0,0
901,1307,0,1,0,0,0,0,0,0,0,0,0,0,0,0,0,0
902,2813,0,0,0,0,0,0,0,0,0,0,0,0,1,0,0,0
904,382,0,0,1,0,1,0,0,0,0,0,0,0,0,0,0,0
913,2701,1,0,0,0,0,0,0,0,0,0,0,0,0,0,0,0
917,508,0,0,1,0,0,0,0,0,0,0,0,0,0,0,0,0
918,907,0,0,0,0,1,0,0,1,0,0,1,0,0,0,0,0
919,1696,0,1,0,0,0,0,0,0,0,0,0,0,0,0,0,0
921,876,0,0,0,0,1,0,0,1,0,0,1,0,0,0,0,0
921,1043,0,0,1,0,0,0,0,0,0,0,0,0,0,0,0,0
922,2065,0,0,1,0,0,0,0,0,0,0,0,0,0,0,0,0
929,2745,1,0,0,0,0,0,0,0,0,0,0,0,0,0,0,0
930,2705,1,0,0,0,0,0,0,0,0,0,0,0,0,0,0,0
931,639,0,1,0,0,0,0,0,0,0,0,0,0,0,0,0,0
931,2847,0,0,0,0,0,0,0,0,0,1,0,0,0,0,0,0
932,1851,0,1,0,0,0,0,0,0,0,0,0,0,0,0,0,0
932,1923,0,1,0,0,0,0,0,0,0,0,0,0,0,0,0,0
939,1650,0,1,0,0,0,0,0,0,0,0,0,0,0,0,0,0
944,2753,1,0,0,0,0,0,0,0,0,0,0,0,0,0,0,0
944,2770,1,0,0,0,0,0,0,0,0,0,0,0,0,0,0,0
945,1303,0,1,0,0,0,0,0,0,0,0,0,0,0,0,0,0
946,1594,0,1,0,0,0,0,0,0,0,0,0,0,0,0,0,0
949,2821,0,0,0,0,0,0,0,0,0,0,0,0,1,0,0,0
951,2196,0,0,0,0,1,0,0,1,0,0,1,0,0,0,0,0
951,2233,0,0,0,0,1,0,0,1,0,0,1,0,0,0,0,0
952,2704,1,0,0,0,0,0,0,0,0,0,0,0,0,0,0,0
954,303,0,0,0,0,1,0,0,1,0,0,1,0,0,0,0,0
957,2821,1,0,0,0,0,0,0,0,0,0,0,0,0,0,0,0
961,2328,0,0,0,1,0,0,1,0,0,0,0,0,0,0,0,1
961,2343,0,0,0,1,0,0,1,0,0,0,0,0,0,0,0,1
964,2689,1,0,0,0,0,0,0,0,0,0,0,0,0,0,0,0
964,2698,1,0,0,0,0,0,0,0,0,0,0,0,0,0,0,0
966,2586,1,0,0,0,0,0,0,0,0,0,0,0,0,0,0,0
973,302,0,0,0,0,0,1,0,0,1,0,1,0,0,0,0,0
974,297,0,0,0,1,0,0,1,0,0,0,0,0,0,0,1,0
974,2684,1,0,0,0,0,0,0,0,0,0,0,0,0,0,0,0
976,2675,1,0,0,0,0,0,0,0,0,0,0,0,0,0,0,0
978,1490,0,0,1,0,0,0,0,0,0,0,0,0,0,0,0,0
979,2586,1,0,0,0,0,0,0,0,0,0,0,0,0,0,0,0
981,2702,1,0,0,0,0,0,0,0,0,0,0,0,0,0,0,0
994,2997,0,0,1,0,0,0,0,0,0,0,0,0,0,0,0,0
1004,1226,0,1,0,0,0,0,0,0,0,0,0,0,0,0,0,0
1008,2703,1,0,0,0,0,0,0,0,0,0,0,0,0,0,0,0
1014,2889,0,0,0,1,0,0,1,0,0,0,0,0,0,0,0,1
1014,2906,0,0,0,1,0,0,1,0,0,0,0,0,0,0,0,1
1020,193,0,0,1,0,0,0,0,0,0,0,0,0,0,0,0,0
1022,3328,0,1,0,0,0,0,0,0,0,0,0,0,0,0,0,0
1023,2663,1,0,0,0,0,0,0,0,0,0,0,0,0,0,0,0
1032,223,0,0,1,0,0,0,0,0,0,0,0,0,0,0,0,0
1032,917,0,0,0,0,1,0,0,1,0,0,1,0,0,0,0,0
1034,480,0,0,0,0,1,0,0,0,0,0,0,0,1,0,0,0
1035,598,0,0,1,0,1,0,0,0,0,0,0,0,0,0,0,0
1037,361,0,0,1,0,0,0,0,0,0,0,0,0,0,0,0,0
1037,895,0,0,0,1,0,0,1,0,0,0,0,0,0,0,0,1
1037,898,0,0,0,0,0,1,0,0,1,0,0,0,0,1,0,1
1038,479,0,0,0,0,1,0,0,0,0,0,0,0,1,0,0,0
1039,3125,0,1,0,0,0,0,0,0,0,0,0,0,0,0,0,0
1045,435,0,0,0,0,0,0,0,0,0,0,0,0,1,0,0,0
1047,435,0,0,0,0,0,0,0,0,0,0,0,0,1,0,0,0
1048,404,0,1,0,0,1,0,0,0,0,0,0,0,0,0,0,0
1065,602,0,0,0,0,1,0,0,0,0,1,0,0,0,0,0,0
1068,297,0,0,0,1,0,0,1,0,0,0,0,1,0,0,0,0
1070,2646,1,0,0,0,0,0,0,0,0,0,0,0,0,0,0,0
1071,170,0,1,0,0,0,0,0,0,0,0,0,0,0,0,0,0
1075,509,0,0,0,0,1,0,0,0,0,0,0,0,1,0,0,0
1076,511,0,0,0,0,0,1,0,0,0,0,0,0,1,0,0,0
1076,512,0,0,0,0,0,0,0,0,0,0,0,0,1,0,0,0
1076,1410,0,1,0,0,0,0,0,0,0,0,0,0,0,0,0,0
1077,511,0,0,0,0,0,1,0,0,0,0,0,0,1,0,0,0
1077,512,0,0,0,0,0,0,0,0,0,0,0,0,1,0,0,0
1079,291,0,0,0,1,0,0,1,0,0,0,0,1,0,0,0,0
1084,1124,0,1,0,0,0,0,0,0,0,0,0,0,0,0,0,0
1101,2717,1,0,0,0,0,0,0,0,0,0,0,0,0,0,0,0
1102,2761,1,0,0,0,0,0,0,0,0,0,0,0,0,0,0,0
1102,2765,1,0,0,0,0,0,0,0,0,0,0,0,0,0,0,0
1103,574,0,0,0,0,1,0,0,0,0,1,0,0,0,0,0,0
1109,2717,1,0,0,0,0,0,0,0,0,0,0,0,0,0,0,0
1117,2646,1,0,0,0,0,0,0,0,0,0,0,0,0,0,0,0
1119,3158,0,0,0,1,0,0,1,0,0,0,0,0,0,0,0,1
1121,574,0,0,0,0,1,0,0,0,0,1,0,0,0,0,0,0
1121,1036,0,1,0,0,0,0,0,0,0,0,0,0,0,0,0,0
1122,3158,0,0,0,1,0,0,1,0,0,0,0,0,0,0,0,1
1125,3344,0,1,0,0,0,0,0,0,0,0,0,0,0,0,0,0
1128,575,0,0,0,1,0,0,0,0,0,0,0,0,1,0,0,0
1128,580,0,0,0,0,0,1,0,0,0,0,0,0,1,0,0,0
1129,2656,1,0,0,0,0,0,0,0,0,0,0,0,0,0,0,0
1130,372,0,1,0,0,0,0,0,0,0,0,0,0,0,0,0,0
1130,2663,1,0,0,0,0,0,0,0,0,0,0,0,0,0,0,0
1134,2738,1,0,0,0,0,0,0,0,0,0,0,0,0,0,0,0
1139,278,0,1,0,0,0,0,0,0,0,0,0,0,0,0,0,0
1139,742,0,0,0,0,0,0,0,0,0,0,0,0,1,0,0,0
1139,744,0,0,0,0,0,0,0,0,0,0,0,0,1,0,0,0
1145,585,0,0,0,0,1,0,0,0,0,0,0,0,1,0,0,0
1147,2634,1,0,0,0,0,0,0,0,0,0,0,0,0,0,0,0
1149,2738,1,0,0,0,0,0,0,0,0,0,0,0,0,0,0,0
1156,489,0,0,0,0,0,0,0,0,0,0,0,0,1,0,0,0
1158,2667,1,0,0,0,0,0,0,0,0,0,0,0,0,0,0,0
1166,998,0,1,0,0,0,0,0,0,0,0,0,0,0,0,0,0
1167,2744,1,0,0,0,0,0,0,0,0,0,0,0,0,0,0,0
1167,2765,1,0,0,0,0,0,0,0,0,0,0,0,0,0,0,0
1173,668,0,0,0,0,1,0,0,0,0,1,0,0,0,0,0,0
1175,700,0,0,0,0,0,1,0,0,0,0,0,0,1,0,0,0
1175,705,0,0,0,1,0,0,0,0,0,0,0,0,1,0,0,0
1176,710,0,0,0,1,0,0,0,0,0,1,0,0,0,0,0,0
1177,318,0,0,0,0,1,0,0,0,0,1,0,0,0,0,0,0
1177,477,0,0,0,0,0,0,0,0,0,0,0,0,1,0,0,0
1178,2630,1,0,0,0,0,0,0,0,0,0,0,0,0,0,0,0
1182,296,0,0,0,0,0,1,0,0,0,0,0,0,1,0,0,0
1185,296,0,0,0,1,0,0,0,0,0,0,0,0,1,0,0,0
1188,2630,1,0,0,0,0,0,0,0,0,0,0,0,0,0,0,0
1191,2326,0,1,0,0,0,0,0,0,0,0,0,0,0,0,0,0
1193,514,0,0,0,0,0,0,0,0,0,0,0,0,1,0,0,0
1198,210,0,0,0,0,1,0,0,0,0,1,0,0,0,0,0,0
1205,243,0,0,0,0,0,1,0,0,0,0,0,0,1,0,0,0
1205,249,0,0,0,1,0,0,0,0,0,0,0,0,1,0,0,0
1208,220,0,0,0,0,1,0,0,0,0,1,0,0,0,0,0,0
1212,987,0,0,0,1,0,0,0,0,0,1,0,0,0,0,0,0
1219,787,0,0,0,0,0,0,0,0,0,0,0,0,1,0,0,0
1221,589,0,0,0,1,0,0,0,0,0,1,0,0,0,0,0,0
1221,2433,1,0,0,0,0,0,0,0,0,0,0,0,0,0,0,0
1221,2439,1,0,0,0,0,0,0,0,0,0,0,0,0,0,0,0
1223,545,0,0,0,0,1,0,0,0,0,1,0,0,0,0,0,0
1229,580,0,0,0,1,0,0,0,0,0,0,0,0,1,0,0,0
1229,987,0,0,0,1,0,0,0,0,0,1,0,0,0,0,0,0
1235,580,0,0,0,0,0,1,0,0,0,0,0,0,1,0,0,0
1242,2684,1,0,0,0,0,0,0,0,0,0,0,0,0,0,0,0
1245,546,0,0,0,0,1,0,0,0,0,0,0,0,1,0,0,0
1247,765,0,0,0,0,0,0,0,0,0,1,0,0,0,0,0,0
1248,2734,1,0,0,0,0,0,0,0,0,0,0,0,0,0,0,0
1255,590,0,0,0,0,1,0,0,0,0,1,0,0,0,0,0,0
1259,963,0,0,0,0,0,0,0,0,0,0,0,0,1,0,0,0
1261,2734,1,0,0,0,0,0,0,0,0,0,0,0,0,0,0,0
1263,215,0,0,0,1,0,0,1,0,0,0,0,1,0,0,0,0
1263,233,0,0,0,1,0,0,1,0,0,0,0,0,0,0,0,1
1268,243,0,0,0,1,0,0,1,0,0,0,0,0,0,0,0,1
1268,331,0,0,0,1,0,0,1,0,0,0,0,0,0,0,1,0
1268,505,0,0,0,0,1,0,0,0,0,0,0,0,1,0,0,0
1268,995,0,0,0,0,1,0,0,0,0,0,0,0,1,0,0,0
1269,865,0,1,0,0,0,0,0,0,0,0,0,0,0,0,0,0
1271,505,0,0,0,0,0,1,0,0,0,0,0,0,1,0,0,0
1272,486,0,0,0,0,0,1,0,0,0,1,0,0,0,0,0,0
1273,782,0,0,0,0,1,0,0,0,0,0,0,0,1,0,0,0
1274,810,0,0,0,0,1,0,0,0,0,1,0,0,0,0,0,0
1276,1009,0,0,0,0,1,0,0,0,0,1,0,0,0,0,0,0
1277,475,0,0,0,0,1,0,0,0,0,0,0,0,1,0,0,0
1277,480,0,0,0,0,1,0,0,0,0,0,0,0,1,0,0,0
1280,461,0,0,0,0,1,0,0,0,0,0,0,0,1,0,0,0
1281,336,0,0,0,1,0,0,1,0,0,0,0,0,0,0,0,1
1282,1400,0,1,0,0,0,0,0,0,0,0,0,0,0,0,0,0
1286,461,0,0,0,0,1,0,0,0,0,0,0,0,1,0,0,0
1288,645,0,0,0,1,0,0,0,0,0,1,0,0,0,0,0,0
1288,651,0,0,0,1,0,0,0,0,0,0,0,0,1,0,0,0
1289,336,0,0,0,1,0,0,1,0,0,0,0,0,0,0,0,1
1291,697,0,0,0,0,0,0,0,0,0,1,0,0,0,0,0,0
1292,2729,1,0,0,0,0,0,0,0,0,0,0,0,0,0,0,0
1302,791,0,0,0,0,1,0,0,0,0,0,0,0,1,0,0,0
1303,785,0,0,0,0,0,1,0,0,0,1,0,0,0,0,0,0
1303,787,0,0,0,0,0,1,0,0,0,0,0,0,1,0,0,0
1306,785,0,0,0,0,0,1,0,0,0,0,0,0,1,0,0,0
1312,526,0,0,0,0,1,0,0,0,0,1,0,0,0,0,0,0
1312,727,0,0,0,0,1,0,0,0,0,1,0,0,0,0,0,0
1316,484,0,0,0,0,1,0,0,0,0,1,0,0,0,0,0,0
1319,2975,0,1,0,0,0,0,0,0,0,0,0,0,0,0,0,0
1323,510,0,0,0,0,1,0,0,0,0,1,0,0,0,0,0,0
1324,716,0,0,0,0,1,0,0,0,0,1,0,0,0,0,0,0
1324,3043,0,1,0,0,0,0,0,0,0,0,0,0,0,0,0,0
1330,673,0,0,0,0,0,0,0,0,0,0,0,0,1,0,0,0
1332,844,0,0,0,0,1,0,0,0,0,1,0,0,0,0,0,0
1333,431,0,0,0,0,0,0,0,0,0,0,0,0,1,0,0,0
1333,433,0,0,0,0,0,0,0,0,0,0,0,0,1,0,0,0
1336,775,0,0,0,0,1,0,0,0,0,1,0,0,0,0,0,0
1336,781,0,0,0,0,0,1,0,0,0,0,0,0,1,0,0,0
1339,1442,0,1,0,0,0,0,0,0,0,0,0,0,0,0,0,0
1340,781,0,0,0,0,1,0,0,0,0,0,0,0,1,0,0,0
1342,602,0,0,0,0,1,0,0,0,0,1,0,0,0,0,0,0
1344,589,0,0,0,0,0,1,0,0,0,1,0,0,0,0,0,0
1344,831,0,0,0,0,1,0,0,0,0,1,0,0,0,0,0,0
1347,487,0,0,0,0,1,0,0,0,0,1,0,0,0,0,0,0
1348,2617,1,0,0,0,0,0,0,0,0,0,0,0,0,0,0,0
1352,562,0,0,0,0,1,0,0,0,0,1,0,0,0,0,0,0
1356,807,0,0,0,0,1,0,0,0,0,0,0,0,1,0,0,0
1357,373,0,0,0,0,0,0,0,0,0,1,0,0,0,0,0,0
1357,815,0,0,0,0,0,1,0,0,0,0,0,0,1,0,0,0
1362,495,0,0,0,0,1,0,0,0,0,1,0,0,0,0,0,0
1363,1165,0,1,0,0,0,0,0,0,0,0,0,0,0,0,0,0
1365,1271,0,0,0,0,0,0,0,0,0,0,0,0,0,1,0,0
1365,1273,0,0,0,0,0,0,0,0,0,0,0,0,0,1,0,0
1368,655,0,0,0,0,0,1,0,0,0,0,0,0,1,0,0,0
1368,665,0,0,0,0,1,0,0,0,0,0,0,0,1,0,0,0
1369,429,0,0,0,0,0,1,0,0,0,1,0,0,0,0,0,0
1373,2513,0,0,0,1,0,0,0,0,0,0,0,0,1,0,0,0
1377,2513,0,0,0,1,0,0,0,0,0,0,0,0,1,0,0,0
1378,633,0,0,0,0,0,1,0,0,0,0,0,0,1,0,0,0
1378,636,0,0,0,0,0,1,0,0,0,0,0,0,1,0,0,0
1380,1426,0,1,0,0,0,0,0,0,0,0,0,0,0,0,0,0
1380,2617,0,0,0,0,0,0,0,0,0,0,0,0,1,0,0,0
1382,429,0,0,0,0,1,0,0,0,0,1,0,0,0,0,0,0
1382,2999,0,0,0,1,0,0,1,0,0,0,0,0,0,0,0,1
1382,3003,0,0,0,1,0,0,1,0,0,0,0,0,0,0,0,1
1383,955,0,0,0,0,1,0,0,1,0,0,1,0,0,0,0,0
1384,495,0,0,0,0,1,0,0,0,0,0,0,0,1,0,0,0
1384,786,0,0,0,0,0,0,0,0,0,0,0,0,1,0,0,0
1390,2092,0,1,0,0,0,0,0,0,0,0,0,0,0,0,0,0
1392,614,0,0,0,0,1,0,0,0,0,1,0,0,0,0,0,0
1398,968,0,0,0,0,0,1,0,0,1,0,0,0,0,1,0,1
1398,972,0,0,0,1,0,0,1,0,0,0,0,0,0,0,0,1
1399,748,0,0,0,1,0,0,0,0,0,0,0,0,1,0,0,0
1399,753,0,0,0,1,0,0,0,0,0,0,0,0,1,0,0,0
1402,1165,0,0,0,0,1,0,0,1,0,0,1,0,0,0,0,0
1406,528,0,0,0,0,0,0,0,0,0,1,0,0,0,0,0,0
1408,567,0,0,0,0,0,0,0,0,0,1,0,0,0,0,0,0
1410,2931,0,0,0,1,0,0,1,0,0,0,0,0,0,0,0,1
1413,2555,0,0,0,0,1,0,0,0,0,1,0,0,0,0,0,0
1415,2931,0,0,0,1,0,0,1,0,0,0,0,0,0,0,0,1
1416,359,0,0,0,0,1,0,0,0,0,1,0,0,0,0,0,0
1417,201,0,1,0,0,0,0,0,0,0,0,0,0,0,0,0,0
1417,636,0,0,0,0,1,0,0,0,0,0,0,0,1,0,0,0
1417,642,0,0,0,0,1,0,0,0,0,0,0,0,1,0,0,0
1426,2568,0,0,0,0,0,1,0,0,0,0,0,0,1,0,0,0
1427,428,0,0,0,0,0,1,0,0,0,0,0,0,1,0,0,0
1428,459,0,0,0,0,1,0,0,0,0,0,0,0,1,0,0,0
1435,418,0,0,0,1,0,0,0,0,0,0,0,0,1,0,0,0
1435,2099,0,0,0,1,0,0,1,0,0,0,0,0,0,0,0,1
1437,1159,0,0,0,1,0,0,1,0,0,0,0,0,0,0,0,1
1437,1163,0,0,0,0,0,1,0,0,1,0,0,0,0,1,0,1
1439,2099,0,0,0,1,0,0,1,0,0,0,0,0,0,0,0,1
1440,839,0,0,0,0,1,0,0,0,0,1,0,0,0,0,0,0
1442,2568,0,0,0,1,0,0,0,0,0,0,0,0,1,0,0,0
1443,359,0,0,0,0,0,0,0,0,0,0,0,0,1,0,0,0
1443,361,0,0,0,0,0,0,0,0,0,0,0,0,1,0,0,0
1443,2498,0,0,0,0,0,0,0,0,0,1,0,0,0,0,0,0
1446,690,0,0,0,0,1,0,0,0,0,1,0,0,0,0,0,0
1449,255,0,1,0,0,0,0,0,0,0,0,0,0,0,0,0,0
1451,603,0,0,0,0,0,0,0,0,0,0,0,0,1,0,0,0
1452,666,0,0,0,0,1,0,0,0,0,0,0,0,1,0,0,0
1452,830,0,0,0,0,1,0,0,0,0,1,0,0,0,0,0,0
1453,603,0,0,0,0,0,0,0,0,0,0,0,0,1,0,0,0
1464,686,0,0,0,0,1,0,0,0,0,1,0,0,0,0,0,0
1472,1031,0,0,0,1,0,0,1,0,0,0,0,0,0,0,0,1
1472,1035,0,0,0,1,0,0,1,0,0,0,0,0,0,0,0,1
1481,1422,0,1,0,0,0,0,0,0,0,0,0,0,0,0,0,0
1483,834,0,0,0,0,0,1,0,0,0,0,0,0,1,0,0,0
1483,841,0,0,0,0,1,0,0,0,0,1,0,0,0,0,0,0
1485,842,0,0,0,0,1,0,0,0,0,1,0,0,0,0,0,0
1486,2569,0,1,0,0,0,0,0,0,0,0,0,0,0,0,0,0
1488,830,0,0,0,0,1,0,0,0,0,0,0,0,1,0,0,0
1489,2116,0,1,0,0,0,0,0,0,0,0,0,0,0,0,0,0
1490,725,0,0,0,0,0,0,0,0,0,1,0,0,0,0,0,0
1498,361,0,1,0,0,0,0,0,0,0,0,0,0,0,0,0,0
1501,519,0,1,0,0,0,0,0,0,0,0,0,0,0,0,0,0
1511,667,0,0,0,0,1,0,0,0,0,0,0,0,1,0,0,0
1511,673,0,0,0,0,0,1,0,0,0,0,0,0,1,0,0,0
1511,685,0,0,0,1,0,0,0,0,0,1,0,0,0,0,0,0
1519,3110,0,0,0,1,0,0,1,0,0,0,0,0,0,0,1,0
1526,609,0,0,0,1,0,0,0,0,0,0,0,0,1,0,0,0
1526,1149,0,1,0,0,0,0,0,0,0,0,0,0,0,0,0,0
1528,3110,0,0,0,1,0,0,1,0,0,0,0,0,0,0,1,0
1529,609,0,0,0,1,0,0,0,0,0,0,0,0,1,0,0,0
1542,1883,0,1,0,0,0,0,0,0,0,0,0,0,0,0,0,0
1546,402,0,0,0,1,0,0,0,0,0,1,0,0,0,0,0,0
1553,909,0,1,0,0,0,0,0,0,0,0,0,0,0,0,0,0
1554,650,0,0,0,0,0,0,0,0,0,1,0,0,0,0,0,0
1555,307,0,0,0,0,1,0,0,0,0,1,0,0,0,0,0,0
1558,402,0,0,0,1,0,0,0,0,0,1,0,0,0,0,0,0
1559,405,0,0,0,1,0,0,0,0,0,1,0,0,0,0,0,0
1559,3059,0,0,0,1,0,0,1,0,0,0,0,0,0,0,0,1
1559,3073,0,0,0,1,0,0,1,0,0,0,0,0,0,0,0,1
1561,345,0,0,0,0,0,0,0,0,0,1,0,0,0,0,0,0
1565,285,0,0,0,0,1,0,0,0,0,0,0,0,1,0,0,0
1571,592,0,0,0,0,0,0,0,0,0,1,0,0,0,0,0,0
1584,842,0,1,0,0,0,0,0,0,0,0,0,0,0,0,0,0
1590,762,0,0,0,1,0,0,1,0,0,0,0,0,0,0,1,0
1592,760,0,0,0,1,0,0,1,0,0,0,0,0,0,0,1,0
1592,1756,0,0,0,1,0,0,1,0,0,0,0,0,0,0,0,1
1593,565,0,0,0,1,0,0,0,0,0,0,0,0,1,0,0,0
1593,569,0,0,0,1,0,0,0,0,0,0,0,0,1,0,0,0
1595,1757,0,0,0,1,0,0,0,0,1,0,0,0,0,1,0,1
1601,608,0,0,0,0,1,0,0,0,0,0,0,0,1,0,0,0
1605,611,0,0,0,0,1,0,0,0,0,0,0,0,1,0,0,0
1607,405,0,0,0,0,1,0,0,0,0,1,0,0,0,0,0,0
1608,1309,0,1,0,0,0,0,0,0,0,0,0,0,0,0,0,0
1610,649,0,0,0,0,1,0,0,0,0,1,0,0,0,0,0,0
1613,611,0,0,0,0,1,0,0,0,0,1,0,0,0,0,0,0
1619,709,0,0,0,0,1,0,0,0,0,1,0,0,0,0,0,0
1622,390,0,1,0,0,1,0,0,0,0,0,0,0,0,0,0,0
1622,669,0,0,0,0,0,1,0,0,0,0,0,0,1,0,0,0
1622,673,0,0,0,0,1,0,0,0,0,0,0,0,1,0,0,0
1624,2500,0,1,0,0,0,0,0,0,0,0,0,0,0,0,0,0
1632,703,0,0,0,0,1,0,0,0,0,1,0,0,0,0,0,0
1640,2819,0,1,0,0,0,0,0,0,0,0,0,0,0,0,0,0
1643,1051,0,0,1,0,0,0,0,0,0,0,0,0,0,0,0,0
1650,298,0,1,0,0,0,0,0,0,0,0,0,0,0,0,0,0
1650,641,0,0,0,0,1,0,0,0,0,0,0,0,1,0,0,0
1650,2378,0,0,0,1,0,0,1,0,0,0,0,0,0,0,1,0
1650,2391,0,0,0,1,0,0,1,0,0,0,0,0,0,0,1,0
1653,1099,0,1,0,0,0,0,0,0,0,0,0,0,0,0,0,0
1653,3120,0,1,0,0,0,0,0,0,0,0,0,0,0,0,0,0
1655,511,0,0,0,0,1,0,0,1,0,0,0,0,0,1,0,0
1655,536,0,0,0,0,1,0,0,1,0,0,1,0,0,0,0,0
1655,1317,0,0,0,0,1,0,0,1,0,0,0,0,0,1,0,0
1661,2609,0,0,1,0,0,0,0,0,0,0,0,0,0,0,0,0
1666,499,0,0,0,0,1,0,0,1,0,0,1,0,0,0,0,0
1670,1327,0,0,0,0,1,0,0,1,0,0,0,0,0,1,0,0
1674,642,0,0,1,0,1,0,0,0,0,0,0,0,0,0,0,0
1683,2500,0,0,1,0,0,0,0,0,0,0,0,0,0,0,0,0
1691,1013,0,1,0,0,0,0,0,0,0,0,0,0,0,0,0,0
1693,2245,0,1,0,0,0,0,0,0,0,0,0,0,0,0,0,0
1693,2362,0,0,1,0,0,0,0,0,0,0,0,0,0,0,0,0
1697,826,0,1,0,0,0,0,0,0,0,0,0,0,0,0,0,0
1707,1854,0,0,0,1,0,0,0,0,0,0,0,0,1,0,0,0
1714,1840,0,0,0,1,0,0,0,0,0,1,0,0,0,0,0,0
1714,1850,0,0,0,1,0,0,0,0,0,0,0,0,1,0,0,0
1720,2615,0,0,0,1,0,0,0,0,1,0,0,0,0,1,0,0
1721,1787,0,0,0,1,0,0,0,0,0,0,0,0,1,0,0,0
1723,2617,0,0,0,1,0,0,1,0,0,0,0,0,0,0,1,0
1725,499,0,0,0,0,1,0,0,0,0,1,0,0,0,0,0,0
1727,714,0,1,0,0,0,0,0,0,0,0,0,0,0,0,0,0
1730,769,0,0,0,0,0,0,0,0,0,0,0,0,0,1,0,0
1730,1786,0,0,0,1,0,0,0,0,0,0,0,0,1,0,0,0
1731,2494,0,1,0,0,0,0,0,0,0,0,0,0,0,0,0,0
1732,769,0,0,0,0,0,0,0,0,0,0,0,0,0,1,0,0
1734,476,0,0,0,0,1,0,0,0,0,1,0,0,0,0,0,0
1734,1649,0,0,0,0,1,0,0,1,0,0,0,0,0,1,0,0
1734,1739,0,0,0,0,0,0,0,0,0,1,0,0,0,0,0,0
1738,3256,0,1,0,0,0,0,0,0,0,0,0,0,0,0,0,0
1748,2141,0,1,0,0,0,0,0,0,0,0,0,0,0,0,0,0
1750,519,0,0,0,0,0,0,0,0,0,1,0,0,0,0,0,0
1755,553,0,0,0,0,1,0,0,0,0,1,0,0,0,0,0,0
1756,2623,0,1,0,0,0,0,0,0,0,0,0,0,0,0,0,0
1757,1649,0,0,0,0,1,0,0,1,0,0,0,0,0,1,0,0
1760,576,0,0,0,1,0,0,0,0,0,1,0,0,0,0,0,0
1766,564,0,0,0,0,0,1,0,0,0,1,0,0,0,0,0,0
1770,988,0,1,0,0,0,0,0,0,0,0,0,0,0,0,0,0
1771,1893,0,1,0,0,0,0,0,0,0,0,0,0,0,0,0,0
1772,1480,0,1,0,0,0,0,0,0,0,0,0,0,0,0,0,0
1780,2704,0,0,0,1,0,0,1,0,0,0,0,0,0,0,1,0
1783,2704,0,0,0,1,0,0,1,0,0,0,0,0,0,0,1,0
1813,1888,0,1,0,0,0,0,0,0,0,0,0,0,0,0,0,0
1822,564,0,1,0,0,0,0,0,0,0,0,0,0,0,0,0,0
1828,606,0,1,0,0,1,0,0,0,0,0,0,0,0,0,0,0
1828,956,0,0,0,0,0,0,0,0,0,0,0,0,1,0,0,0
1828,957,0,0,0,0,0,0,0,0,0,0,0,0,1,0,0,0
1829,957,0,0,0,0,0,0,0,0,0,1,0,0,0,0,0,0
1833,1348,0,0,0,0,0,0,0,0,0,0,0,0,0,1,0,0
1835,1348,0,0,0,0,0,0,0,0,0,0,1,0,0,0,0,0
1836,451,0,1,0,0,0,0,0,0,0,0,0,0,0,0,0,0
1836,2382,0,0,0,0,1,0,0,0,0,0,0,0,1,0,0,0
1836,2435,0,0,0,0,0,0,0,0,0,1,0,0,0,0,0,0
1838,1305,0,0,0,0,1,0,0,1,0,0,0,0,0,1,0,0
1842,2231,0,0,0,1,0,0,1,0,0,0,0,0,0,0,1,0
1844,584,0,0,0,0,1,0,0,0,0,0,0,0,1,0,0,0
1847,2231,0,0,0,1,0,0,1,0,0,0,0,0,0,0,1,0
1852,1288,0,0,0,0,1,0,0,1,0,0,1,0,0,0,0,0
1855,2011,0,0,0,1,0,0,1,0,0,0,0,0,0,0,1,0
1857,2012,0,0,0,0,0,1,0,0,1,0,0,0,0,1,0,0
1858,997,0,0,0,1,0,0,0,0,0,0,0,0,1,0,0,0
1858,1003,0,0,0,1,0,0,0,0,0,0,0,0,1,0,0,0
1859,2012,0,0,0,0,0,0,0,0,0,0,1,0,0,0,0,0
1859,2376,0,0,0,0,1,0,0,0,0,0,0,0,1,0,0,0
1866,2446,0,0,0,1,0,0,0,0,0,0,0,0,1,0,0,0
1866,2449,0,0,0,1,0,0,0,0,0,0,0,0,1,0,0,0
1870,846,0,1,0,0,0,0,0,0,0,0,0,0,0,0,0,0
1888,590,0,0,0,0,1,0,0,0,0,0,0,0,1,0,0,0
1891,3154,0,0,0,0,1,0,0,1,0,0,1,0,0,0,0,0
1893,614,0,0,0,0,1,0,0,0,0,0,0,0,1,0,0,0
1894,2121,0,1,0,0,0,0,0,0,0,0,0,0,0,0,0,0
1900,3128,0,0,0,0,1,0,0,1,0,0,1,0,0,0,0,0
1914,626,0,0,0,0,0,1,0,0,0,0,0,0,1,0,0,0
1918,2854,0,1,0,0,0,0,0,0,0,0,0,0,0,0,0,0
1921,626,0,0,0,1,0,0,0,0,0,0,0,0,1,0,0,0
1928,1277,0,0,1,0,0,0,0,0,0,0,0,0,0,0,0,0
1938,1898,0,0,0,1,0,0,1,0,0,0,0,0,0,0,0,1
1941,1898,0,0,0,1,0,0,0,0,1,0,0,0,0,1,0,1
1955,385,0,0,0,0,1,0,0,1,0,0,0,0,0,1,0,0
1959,1703,0,0,0,1,0,0,0,0,0,0,0,0,1,0,0,0
1961,1704,0,0,0,0,0,1,0,0,0,0,0,0,1,0,0,0
1970,901,0,1,0,0,0,0,0,0,0,0,0,0,0,0,0,0
1974,652,0,0,0,0,1,0,0,1,0,0,0,0,0,1,0,0
1976,395,0,0,0,0,1,0,0,1,0,0,0,0,0,1,0,0
1978,2498,0,0,0,1,0,0,1,0,0,0,0,0,0,0,0,1
1978,2515,0,0,0,1,0,0,0,0,1,0,0,0,0,1,0,1
1980,1899,0,1,0,0,0,0,0,0,0,0,0,0,0,0,0,0
1981,1691,0,0,0,1,0,0,0,0,0,1,0,0,0,0,0,0
1981,1702,0,0,0,0,0,1,0,0,0,1,0,0,0,0,0,0
1992,649,0,0,0,0,1,0,0,1,0,0,1,0,0,0,0,0
1994,609,0,0,1,0,0,0,0,0,0,0,0,0,0,0,0,0
1996,2042,0,0,0,1,0,0,0,1,0,0,0,0,0,1,0,0
2005,2042,0,0,0,0,0,1,0,0,1,0,0,0,0,1,0,0
2025,1642,0,0,0,0,0,0,0,0,0,0,0,0,1,0,0,0
2026,413,0,0,1,0,0,0,0,0,0,0,0,0,0,0,0,0
2026,586,0,1,0,0,0,0,0,0,0,0,0,0,0,0,0,0
2026,1641,0,0,0,0,0,0,0,0,0,0,0,0,1,0,0,0
2026,1642,0,0,0,0,0,0,0,0,0,1,0,0,0,0,0,0
2028,2032,0,0,0,0,1,0,0,1,0,0,1,0,0,0,0,0
2030,3127,0,0,1,0,0,0,0,0,0,0,0,0,0,0,0,0
2032,2131,0,0,1,0,0,0,0,0,0,0,0,0,0,0,0,0
2032,2173,0,1,0,0,0,0,0,0,0,0,0,0,0,0,0,0
2053,2849,0,1,0,0,0,0,0,0,0,0,0,0,0,0,0,0
2060,1199,0,0,0,1,0,0,0,0,1,0,0,0,0,1,0,1
2060,1204,0,0,0,1,0,0,1,0,0,0,0,0,0,0,0,1
2071,1533,0,1,0,0,0,0,0,0,0,0,0,0,0,0,0,0
2072,848,0,1,0,0,0,0,0,0,0,0,0,0,0,0,0,0
2108,2036,0,1,0,0,0,0,0,0,0,0,0,0,0,0,0,0
2121,1176,0,0,1,0,0,0,0,0,0,0,0,0,0,0,0,0
2122,1844,0,0,1,0,0,0,0,0,0,0,0,0,0,0,0,0
2137,1378,0,0,1,0,0,0,0,0,0,0,0,0,0,0,0,0
2143,1264,0,0,1,0,0,0,0,0,0,0,0,0,0,0,0,0
2146,2575,0,0,1,0,0,0,0,0,0,0,0,0,0,0,0,0
2148,2051,0,0,1,0,0,0,0,0,0,0,0,0,0,0,0,0
2171,2190,0,0,0,1,0,0,0,1,0,0,0,0,0,1,0,0
2173,1170,0,0,0,1,0,0,1,0,0,0,0,0,0,0,1,0
2174,1166,0,0,0,0,0,1,0,0,1,0,1,0,0,0,0,0
2175,2190,0,0,0,1,0,0,0,1,0,0,0,0,0,1,0,0
2197,1166,0,0,0,0,1,0,0,1,0,0,0,0,0,1,0,0
2198,1678,0,0,0,0,0,0,0,0,0,0,1,0,0,0,0,0
2200,1678,0,0,0,0,0,0,0,0,0,0,0,0,0,1,0,0
2209,1378,0,0,0,0,1,0,0,1,0,0,1,0,0,0,0,0
2212,1399,0,0,0,0,1,0,0,1,0,0,1,0,0,0,0,0
2231,1274,0,0,1,0,0,0,0,0,0,0,0,0,0,0,0,0
2239,2807,0,0,0,0,0,0,0,0,0,0,0,0,0,1,0,0
2239,2809,0,0,0,0,0,0,0,0,0,0,0,0,0,1,0,0
2243,1555,0,0,1,0,0,0,0,0,0,0,0,0,0,0,0,0
2244,2586,0,0,1,0,0,0,0,0,0,0,0,0,0,0,0,0
2246,1822,0,1,0,0,0,0,0,0,0,0,0,0,0,0,0,0
2249,2316,0,0,0,1,0,0,0,1,0,0,0,0,0,1,0,0
2251,1378,0,0,1,0,0,0,0,0,0,0,0,0,0,0,0,0
2253,1102,0,0,1,0,0,0,0,0,0,0,0,0,0,0,0,0
2254,2305,0,0,0,1,0,0,0,1,0,0,0,0,0,1,0,0
2257,1168,0,1,0,0,0,0,0,0,0,0,0,0,0,0,0,0
2277,1329,0,0,1,0,0,0,0,0,0,0,0,0,0,0,0,0
2277,2270,0,0,1,0,0,0,0,0,0,0,0,0,0,0,0,0
2288,2813,0,1,0,0,0,0,0,0,0,0,0,0,0,0,0,0
2294,2292,0,1,0,0,0,0,0,0,0,0,0,0,0,0,0,0
2319,1167,0,1,0,0,0,0,0,0,0,0,0,0,0,0,0,0
