23,1329,0,1,0,0,0,0,0,0,0,0,0,0,0,0,0,0
42,2080,0,0,0,0,1,0,0,1,0,0,1,0,0,0,0,0
45,1034,0,1,0,0,0,0,0,0,0,0,0,0,0,0,0,0
64,2064,0,0,0,0,0,1,0,0,1,0,0,0,0,1,0,1
74,1826,0,1,0,0,0,0,0,0,0,0,0,0,0,0,0,0
75,2064,0,0,0,1,0,0,1,0,0,0,0,0,0,0,0,1
81,2731,0,1,0,0,0,0,0,0,0,0,0,0,0,0,0,0
100,1867,0,1,0,0,0,0,0,0,0,0,0,0,0,0,0,0
104,1634,0,1,0,0,0,0,0,0,0,0,0,0,0,0,0,0
111,1430,0,1,0,0,0,0,0,0,0,0,0,0,0,0,0,0
126,853,0,1,0,0,0,0,0,0,0,0,0,0,0,0,0,0
134,1026,0,1,0,0,0,0,0,0,0,0,0,0,0,0,0,0
139,1138,0,1,0,0,0,0,0,0,0,0,0,0,0,0,0,0
145,2171,0,1,0,0,0,0,0,0,0,0,0,0,0,0,0,0
151,955,0,0,0,0,0,0,0,0,0,1,0,0,0,0,0,0
170,1900,0,1,0,0,0,0,0,0,0,0,0,0,0,0,0,0
170,2855,0,1,0,0,0,0,0,0,0,0,0,0,0,0,0,0
174,2121,0,0,0,1,0,0,1,0,0,0,0,0,0,0,0,1
177,2121,0,0,0,1,0,0,1,0,0,0,0,0,0,0,0,1
183,1015,0,0,0,0,1,0,0,0,0,0,0,0,1,0,0,0
190,3050,0,1,0,0,0,0,0,0,0,0,0,0,0,0,0,0
198,1020,0,0,0,0,1,0,0,0,0,0,0,0,1,0,0,0
199,1929,0,1,0,0,0,0,0,0,0,0,0,0,0,0,0,0
216,1059,0,0,0,0,0,0,0,0,0,1,0,0,0,0,0,0
216,2523,0,1,0,0,0,0,0,0,0,0,0,0,0,0,0,0
220,2684,0,1,0,0,0,0,0,0,0,0,0,0,0,0,0,0
224,1471,0,1,0,0,0,0,0,0,0,0,0,0,0,0,0,0
225,1186,0,1,0,0,0,0,0,0,0,0,0,0,0,0,0,0
229,1429,0,1,0,0,0,0,0,0,0,0,0,0,0,0,0,0
230,1029,0,0,0,0,0,0,0,0,0,0,0,0,1,0,0,0
230,1031,0,0,0,0,0,0,0,0,0,0,0,0,1,0,0,0
233,725,0,0,0,0,0,1,0,0,0,0,0,0,1,0,0,0
233,726,0,0,0,0,0,0,0,0,0,0,0,0,1,0,0,0
234,725,0,0,0,0,0,1,0,0,0,0,0,0,1,0,0,0
234,726,0,0,0,0,0,0,0,0,0,0,0,0,1,0,0,0
235,723,0,0,0,0,1,0,0,0,0,1,0,0,0,0,0,0
239,1251,0,1,0,0,0,0,0,0,0,0,0,0,0,0,0,0
250,2639,0,1,0,0,0,0,0,0,0,0,0,0,0,0,0,0
273,2514,0,1,0,0,0,0,0,0,0,0,0,0,0,0,0,0
276,2396,0,0,0,0,1,0,0,1,0,0,1,0,0,0,0,0
284,2855,0,1,0,0,0,0,0,0,0,0,0,0,0,0,0,0
287,1546,0,1,0,0,0,0,0,0,0,0,0,0,0,0,0,0
291,1929,0,0,1,0,0,0,0,0,0,0,0,0,0,0,0,0
292,1614,0,0,0,0,1,0,0,1,0,0,1,0,0,0,0,0
300,2391,0,0,0,0,1,0,0,1,0,0,1,0,0,0,0,0
304,1774,0,0,1,0,0,0,0,0,0,0,0,0,0,0,0,0
310,1608,0,0,0,0,1,0,0,1,0,0,1,0,0,0,0,0
319,2147,0,1,0,0,0,0,0,0,0,0,0,0,0,0,0,0
327,1070,0,0,0,1,0,0,1,0,0,0,0,1,0,0,0,0
336,1070,0,0,0,1,0,0,1,0,0,0,0,1,0,0,0,0
343,2876,0,1,0,0,0,0,0,0,0,0,0,0,0,0,0,0
347,2001,0,1,0,0,0,0,0,0,0,0,0,0,0,0,0,0
352,2468,0,0,0,0,1,0,0,0,0,1,0,0,0,0,0,0
360,2494,0,0,0,0,1,0,0,0,0,1,0,0,0,0,0,0
361,1950,0,1,0,0,0,0,0,0,0,0,0,0,0,0,0,0
363,2405,0,0,0,0,0,0,0,0,0,1,0,0,0,0,0,0
371,538,0,1,0,0,0,0,0,0,0,0,0,0,0,0,0,0
371,2597,0,0,0,0,1,0,0,1,0,0,1,0,0,0,0,0
385,2602,0,0,0,0,1,0,0,1,0,0,1,0,0,0,0,0
388,1178,0,1,0,0,0,0,0,0,0,0,0,0,0,0,0,0
394,604,0,1,0,0,0,0,0,0,0,0,0,0,0,0,0,0
394,2433,0,0,0,1,0,0,0,0,0,0,0,0,1,0,0,0
399,2433,0,0,0,1,0,0,0,0,0,0,0,0,1,0,0,0
422,1952,0,0,0,1,0,0,1,0,0,0,0,0,0,0,0,1
431,1955,0,0,0,0,0,1,1,0,0,0,0,0,0,0,0,1
435,1116,0,0,0,0,0,1,0,0,0,0,0,0,1,0,0,0
435,1122,0,0,0,1,0,0,0,0,0,0,0,0,1,0,0,0
435,2878,0,1,0,0,0,0,0,0,0,0,0,0,0,0,0,0
443,1104,0,0,0,0,1,0,0,0,0,1,0,0,0,0,0,0
447,2147,0,1,0,0,0,0,0,0,0,0,0,0,0,0,0,0
449,2088,0,1,0,0,0,0,0,0,0,0,0,0,0,0,0,0
450,2709,0,1,0,0,0,0,0,0,0,0,0,0,0,0,0,0
461,516,0,0,0,0,1,0,0,1,0,0,1,0,0,0,0,0
462,1794,0,0,0,0,1,0,0,1,0,0,1,0,0,0,0,0
463,1955,0,0,0,0,1,0,0,0,0,1,0,0,0,0,0,0
466,1206,0,0,0,0,1,0,0,0,0,0,0,0,1,0,0,0
466,1282,0,1,0,0,0,0,0,0,0,0,0,0,0,0,0,0
467,749,0,1,0,0,0,0,0,0,0,0,0,0,0,0,0,0
467,2988,0,0,0,0,0,1,0,0,0,0,0,0,1,0,0,0
467,2989,0,0,0,0,0,1,0,0,0,0,0,0,1,0,0,0
475,2982,0,0,0,0,1,0,0,0,0,0,0,0,1,0,0,0
477,1150,0,0,0,0,0,0,0,0,0,1,0,0,0,0,0,0
477,1196,0,0,0,0,1,0,0,0,0,0,0,0,1,0,0,0
477,2980,0,0,0,0,1,0,0,0,0,0,0,0,1,0,0,0
480,513,0,0,0,0,1,0,0,1,0,0,1,0,0,0,0,0
482,2977,0,0,0,0,1,0,0,0,0,0,0,0,1,0,0,0
484,2975,0,0,0,0,0,1,0,0,0,0,0,0,1,0,0,0
484,2976,0,0,0,0,0,1,0,0,0,0,0,0,1,0,0,0
485,1530,0,0,0,0,1,0,0,0,0,1,0,0,0,0,0,0
485,1560,0,0,0,0,1,0,0,0,0,1,0,0,0,0,0,0
485,2975,0,0,0,0,0,0,0,0,0,0,0,0,1,0,0,0
485,2976,0,0,0,0,0,0,0,0,0,0,0,0,1,0,0,0
486,1780,0,0,0,1,0,0,1,0,0,0,0,0,0,0,1,0
486,1786,0,0,0,0,0,1,0,0,1,0,0,0,0,1,0,0
489,1466,0,0,0,0,1,0,0,0,0,1,0,0,0,0,0,0
490,1387,0,1,0,0,0,0,0,0,0,0,0,0,0,0,0,0
490,1487,0,0,0,0,1,0,0,0,0,1,0,0,0,0,0,0
497,2216,0,1,0,0,0,0,0,0,0,0,0,0,0,0,0,0
497,2735,0,1,0,0,0,0,0,0,0,0,0,0,0,0,0,0
500,1079,0,0,0,0,0,0,0,0,0,0,0,0,1,0,0,0
500,1126,0,0,0,0,0,0,0,0,0,1,0,0,0,0,0,0
500,2555,0,1,0,0,0,0,0,0,0,0,0,0,0,0,0,0
504,1984,0,0,0,0,1,0,0,0,0,0,0,0,1,0,0,0
504,2001,0,0,0,0,0,1,0,0,0,0,0,0,1,0,0,0
506,416,0,1,0,0,0,0,0,0,0,0,0,0,0,0,0,0
508,2364,0,0,0,1,0,0,1,0,0,0,0,0,0,0,0,1
508,2368,0,0,0,1,0,0,1,0,0,0,0,0,0,0,0,1
512,1943,0,0,0,1,0,0,0,0,0,1,0,0,0,0,0,0
515,2910,0,0,0,0,1,0,0,0,0,1,0,0,0,0,0,0
515,2958,0,0,0,0,1,0,0,0,0,1,0,0,0,0,0,0
516,824,0,0,0,1,0,0,0,0,0,0,0,0,1,0,0,0
521,1060,0,1,0,0,0,0,0,0,0,0,0,0,0,0,0,0
523,2926,0,0,0,0,0,1,0,0,0,0,0,0,1,0,0,0
523,2966,0,0,0,0,1,0,0,0,0,0,0,0,1,0,0,0
523,2969,0,0,0,0,1,0,0,0,0,0,0,0,1,0,0,0
524,1942,0,0,0,0,0,1,0,0,0,1,0,0,0,0,0,0
526,3042,0,0,0,0,0,0,0,0,0,1,0,0,0,0,0,0
527,2007,0,0,0,0,1,0,0,0,0,1,0,0,0,0,0,0
528,824,0,0,0,1,0,0,0,0,0,0,0,0,1,0,0,0
529,2339,0,1,0,0,0,0,0,0,0,0,0,0,0,0,0,0
534,2926,0,0,0,1,0,0,0,0,0,0,0,0,1,0,0,0
536,326,0,1,0,0,0,0,0,0,0,0,0,0,0,0,0,0
538,1948,0,0,0,0,0,1,0,0,0,0,0,0,1,0,0,0
541,2511,0,1,0,0,0,0,0,0,0,0,0,0,0,0,0,0
543,1948,0,0,0,1,0,0,0,0,0,0,0,0,1,0,0,0
551,865,0,0,0,0,1,0,0,0,0,1,0,0,0,0,0,0
551,887,0,0,0,0,1,0,0,0,0,1,0,0,0,0,0,0
551,920,0,0,0,0,1,0,0,0,0,1,0,0,0,0,0,0
557,392,0,1,0,0,0,0,0,0,0,0,0,0,0,0,0,0
567,2100,0,0,0,1,0,0,1,0,0,0,0,0,0,0,0,1
569,2959,0,0,0,0,0,0,0,0,0,1,0,0,0,0,0,0
577,2100,0,0,0,1,0,0,1,0,0,0,0,0,0,0,0,1
585,2748,0,1,0,0,0,0,0,0,0,0,0,0,0,0,0,0
586,1346,0,0,0,1,0,0,1,0,0,0,0,0,0,0,0,1
586,1350,0,0,0,1,0,0,1,0,0,0,0,0,0,0,0,1
593,3190,0,1,0,0,0,0,0,0,0,0,0,0,0,0,0,0
596,804,0,0,0,0,0,0,0,0,0,1,0,0,0,0,0,0
597,423,0,0,1,0,0,0,0,0,0,0,0,0,0,0,0,0
602,1718,0,0,0,1,0,0,0,0,1,0,1,0,0,0,0,0
611,1971,0,0,1,0,0,0,0,0,0,0,0,0,0,0,0,0
612,2522,0,0,1,0,0,0,0,0,0,0,0,0,0,0,0,0
614,2764,0,1,0,0,0,0,0,0,0,0,0,0,0,0,0,0
615,2175,0,0,1,0,0,0,0,0,0,0,0,0,0,0,0,0
620,1718,0,0,0,1,0,0,1,0,0,0,0,1,0,0,0,0
637,2807,0,0,1,0,0,0,0,0,0,0,0,0,0,0,0,0
644,1414,0,0,1,0,0,0,0,0,0,0,0,0,0,0,0,0
644,1826,0,0,0,0,1,0,0,0,0,1,0,0,0,0,0,0
648,1319,0,0,0,0,0,0,0,0,0,1,0,0,0,0,0,0
650,2277,0,0,1,0,0,0,0,0,0,0,0,0,0,0,0,0
652,1794,0,0,0,1,0,0,0,0,0,0,0,0,1,0,0,0
652,1797,0,0,0,0,0,1,0,0,0,0,0,0,1,0,0,0
657,525,0,0,0,1,0,0,1,0,0,0,0,0,0,0,0,1
657,534,0,0,0,1,0,0,1,0,0,0,0,0,0,0,0,1
667,2979,0,0,0,1,0,0,0,1,0,0,1,0,0,0,0,0
674,1259,0,0,0,0,0,0,0,0,0,0,0,0,1,0,0,0
674,2979,0,0,0,1,0,0,0,1,0,0,0,0,0,1,0,0
676,1259,0,0,0,0,0,0,0,0,0,0,0,0,1,0,0,0
682,3291,0,1,0,0,0,0,0,0,0,0,0,0,0,0,0,0
685,1896,0,0,0,0,0,0,0,0,0,1,0,0,0,0,0,0
700,1661,0,1,0,0,0,0,0,0,0,0,0,0,0,0,0,0
701,1973,0,0,0,1,0,0,1,0,0,0,0,1,0,0,0,0
702,2256,0,0,0,0,1,0,0,1,0,0,1,0,0,0,0,0
702,2276,0,0,0,0,1,0,0,1,0,0,1,0,0,0,0,0
708,1978,0,0,0,1,0,0,1,0,0,0,0,1,0,0,0,0
710,596,0,1,0,0,0,0,0,0,0,0,0,0,0,0,0,0
716,2944,0,1,0,0,0,0,0,0,0,0,0,0,0,0,0,0
722,1298,0,0,0,1,0,0,0,0,0,1,0,0,0,0,0,0
724,1309,0,0,0,1,0,0,1,0,0,0,0,0,0,0,0,1
724,1313,0,0,0,1,0,0,1,0,0,0,0,0,0,0,0,1
734,1576,0,0,1,0,0,0,0,0,0,0,0,0,0,0,0,0
734,1704,0,0,0,1,0,0,0,0,1,0,0,0,0,1,0,0
734,1707,0,0,0,1,0,0,1,0,0,0,0,0,0,0,1,0
734,2765,0,0,0,1,0,0,1,0,0,0,0,0,0,0,1,0
734,2776,0,0,0,1,0,0,1,0,0,0,0,0,0,0,1,0
738,1435,0,1,0,0,0,0,0,0,0,0,0,0,0,0,0,0
743,1176,0,0,1,0,0,0,0,0,0,0,0,0,0,0,0,0
759,398,0,0,1,0,0,0,0,0,0,0,0,0,0,0,0,0
760,1129,0,1,0,0,0,0,0,0,0,0,0,0,0,0,0,0
762,1845,0,1,0,0,0,0,0,0,0,0,0,0,0,0,0,0
763,2304,0,0,1,0,0,0,0,0,0,0,0,0,0,0,0,0
781,1309,0,0,1,0,0,0,0,0,0,0,0,0,0,0,0,0
782,734,0,0,0,1,0,0,0,0,0,0,0,0,1,0,0,0
791,734,0,0,0,1,0,0,0,0,0,0,0,0,1,0,0,0
795,1479,0,0,1,0,0,0,0,0,0,0,0,0,0,0,0,0
795,2254,0,1,0,0,0,0,0,0,0,0,0,0,0,0,0,0
804,449,0,1,0,0,0,0,0,0,0,0,0,0,0,0,0,0
816,2236,0,1,0,0,0,0,0,0,0,0,0,0,0,0,0,0
817,3038,0,0,0,0,1,0,0,1,0,0,0,0,0,1,0,0
823,1303,0,1,0,0,0,0,0,0,0,0,0,0,0,0,0,0
829,768,0,0,0,0,0,0,0,0,0,1,0,0,0,0,0,0
833,261,0,0,0,0,1,0,0,1,0,0,1,0,0,0,0,0
835,732,0,0,0,1,0,0,0,0,0,0,0,0,1,0,0,0
836,3038,0,0,0,0,1,0,0,1,0,0,1,0,0,0,0,0
841,732,0,0,0,1,0,0,0,0,0,0,0,0,1,0,0,0
841,3225,0,1,0,0,0,0,0,0,0,0,0,0,0,0,0,0
846,255,0,0,0,0,1,0,0,1,0,0,1,0,0,0,0,0
857,1865,0,1,0,0,0,0,0,0,0,0,0,0,0,0,0,0
864,872,0,0,0,0,1,0,0,1,0,0,1,0,0,0,0,0
875,2529,1,0,0,0,0,0,0,0,0,0,0,0,0,0,0,0
881,2516,0,1,0,0,0,0,0,0,0,0,0,0,0,0,0,0
881,2521,1,0,0,0,0,0,0,0,0,0,0,0,0,0,0,0
884,879,0,0,0,0,1,0,0,1,0,0,1,0,0,0,0,0
885,1606,0,1,0,0,0,0,0,0,0,0,0,0,0,0,0,0
890,2411,0,1,0,0,0,0,0,0,0,0,0,0,0,0,0,0
891,3137,0,0,0,1,0,0,1,0,0,0,0,0,0,0,0,1
891,3140,0,0,0,1,0,0,1,0,0,0,0,0,0,0,0,1
895,1557,0,1,0,0,0,0,0,0,0,0,0,0,0,0,0,0
899,2372,0,1,0,0,0,0,0,0,0,0,0,0,0,0,0,0
904,1376,0,0,0,0,0,0,0,0,0,1,0,0,0,0,0,0
910,2017,0,0,0,0,1,0,0,1,0,0,1,0,0,0,0,0
910,2036,0,0,0,0,1,0,0,1,0,0,1,0,0,0,0,0
916,2645,1,0,0,0,0,0,0,0,0,0,0,0,0,0,0,0
916,2707,1,0,0,0,0,0,0,0,0,0,0,0,0,0,0,0
917,1334,0,0,0,0,0,1,0,0,0,0,0,0,1,0,0,0
917,2577,1,0,0,0,0,0,0,0,0,0,0,0,0,0,0,0
919,231,0,1,0,0,0,0,0,0,0,0,0,0,0,0,0,0
919,1334,0,0,0,0,0,1,0,0,0,0,0,0,1,0,0,0
924,992,0,1,0,0,0,0,0,0,0,0,0,0,0,0,0,0
929,401,0,1,0,0,0,0,0,0,0,0,0,0,0,0,0,0
931,1606,0,1,0,0,0,0,0,0,0,0,0,0,0,0,0,0
937,1334,0,0,0,1,0,0,0,0,0,0,0,0,1,0,0,0
945,1878,0,0,0,1,0,0,1,0,0,0,0,0,0,0,0,1
947,2229,0,1,0,0,0,0,0,0,0,0,0,0,0,0,0,0
950,447,0,1,0,0,0,0,0,0,0,0,0,0,0,0,0,0
955,1875,0,0,0,1,0,0,1,0,0,0,0,0,0,0,0,1
965,1810,0,1,0,0,0,0,0,0,0,0,0,0,0,0,0,0
973,3078,0,1,0,0,0,0,0,0,0,0,0,0,0,0,0,0
979,1274,0,0,0,1,0,0,0,0,0,0,0,0,1,0,0,0
983,1274,0,0,0,1,0,0,0,0,0,1,0,0,0,0,0,0
983,3004,0,1,0,0,0,0,0,0,0,0,0,0,0,0,0,0
991,2882,1,0,0,0,0,0,0,0,0,0,0,0,0,0,0,0
992,1265,0,0,0,1,0,0,0,0,0,0,0,0,1,0,0,0
994,1633,0,0,0,1,0,0,0,0,0,0,0,0,1,0,0,0
994,1637,0,0,0,1,0,0,0,0,0,0,0,0,1,0,0,0
997,1361,0,1,0,0,0,0,0,0,0,0,0,0,0,0,0,0
999,2735,1,0,0,0,0,0,0,0,0,0,0,0,0,0,0,0
999,2736,1,0,0,0,0,0,0,0,0,0,0,0,0,0,0,0
999,2737,1,0,0,0,0,0,0,0,0,0,0,0,0,0,0,0
1000,276,0,1,0,0,0,0,0,0,0,0,0,0,0,0,0,0
1000,1157,0,0,0,1,0,0,0,0,0,0,0,0,1,0,0,0
1000,2735,1,0,0,0,0,0,0,0,0,0,0,0,0,0,0,0
1000,2736,1,0,0,0,0,0,0,0,0,0,0,0,0,0,0,0
1000,2737,1,0,0,0,0,0,0,0,0,0,0,0,0,0,0,0
1001,1555,0,0,0,1,0,0,0,0,0,0,0,0,1,0,0,0
1001,1559,0,0,0,1,0,0,0,0,0,0,0,0,1,0,0,0
1008,1159,0,0,0,1,0,0,0,0,0,1,0,0,0,0,0,0
1009,1212,0,0,0,0,0,0,0,0,0,1,0,0,0,0,0,0
1010,2899,0,0,0,1,0,0,1,0,0,0,0,0,0,0,1,0
1011,1212,0,0,0,0,0,0,0,0,0,0,0,0,1,0,0,0
1014,2899,0,0,0,1,0,0,1,0,0,0,0,0,0,0,1,0
1017,744,0,1,0,0,0,0,0,0,0,0,0,0,0,0,0,0
1019,2305,0,0,0,1,0,0,1,0,0,0,0,0,0,0,1,0
1023,1590,0,0,0,0,1,0,0,0,0,0,0,0,1,0,0,0
1023,1594,0,0,0,0,1,0,0,0,0,1,0,0,0,0,0,0
1031,2305,0,0,0,1,0,0,1,0,0,0,0,1,0,0,0,0
1033,2472,1,0,0,0,0,0,0,0,0,0,0,0,0,0,0,0
1035,1663,0,0,0,0,0,0,0,0,0,1,0,0,0,0,0,0
1043,2120,0,0,0,0,1,0,0,1,0,0,1,0,0,0,0,0
1045,2100,0,0,0,0,1,0,0,1,0,0,1,0,0,0,0,0
1047,1528,0,0,0,1,0,0,0,0,0,0,0,0,1,0,0,0
1048,2712,1,0,0,0,0,0,0,0,0,0,0,0,0,0,0,0
1050,1371,0,1,0,0,0,0,0,0,0,0,0,0,0,0,0,0
1052,229,0,1,0,0,0,0,0,0,0,0,0,0,0,0,0,0
1056,1528,0,0,0,1,0,0,0,0,0,0,0,0,1,0,0,0
1086,362,0,1,0,0,0,0,0,0,0,0,0,0,0,0,0,0
1088,2727,1,0,0,0,0,0,0,0,0,0,0,0,0,0,0,0
1088,2750,1,0,0,0,0,0,0,0,0,0,0,0,0,0,0,0
1093,2870,1,0,0,0,0,0,0,0,0,0,0,0,0,0,0,0
1095,2709,1,0,0,0,0,0,0,0,0,0,0,0,0,0,0,0
1097,2755,1,0,0,0,0,0,0,0,0,0,0,0,0,0,0,0
1110,1270,0,0,0,1,0,0,1,0,0,0,0,1,0,0,0,0
1117,1278,0,0,0,0,0,1,0,0,1,0,0,0,0,1,0,0
1117,2708,1,0,0,0,0,0,0,0,0,0,0,0,0,0,0,0
1118,693,0,0,0,0,1,0,0,1,0,0,1,0,0,0,0,0
1122,2752,1,0,0,0,0,0,0,0,0,0,0,0,0,0,0,0
1127,2489,1,0,0,0,0,0,0,0,0,0,0,0,0,0,0,0
1141,1278,0,0,0,0,1,0,0,1,0,0,0,0,0,1,0,0
1142,988,0,1,0,0,0,0,0,0,0,0,0,0,0,0,0,0
1152,697,0,0,0,0,1,0,0,1,0,0,1,0,0,0,0,0
1152,2473,1,0,0,0,0,0,0,0,0,0,0,0,0,0,0,0
1152,2753,1,0,0,0,0,0,0,0,0,0,0,0,0,0,0,0
1156,181,0,1,0,0,0,0,0,0,0,0,0,0,0,0,0,0
1163,2953,0,1,0,0,0,0,0,0,0,0,0,0,0,0,0,0
1176,1462,0,0,0,1,0,0,1,0,0,0,0,1,0,0,0,0
1176,1466,0,0,0,1,0,0,1,0,0,0,0,1,0,0,0,0
1180,2668,1,0,0,0,0,0,0,0,0,0,0,0,0,0,0,0
1188,513,0,0,0,0,0,1,0,0,1,0,0,0,0,1,0,0
1189,513,0,0,0,0,0,1,0,0,1,0,0,0,0,1,0,0
1190,515,0,0,0,1,0,0,1,0,0,0,0,1,0,0,0,0
1191,2725,1,0,0,0,0,0,0,0,0,0,0,0,0,0,0,0
1202,3035,0,0,0,1,0,0,1,0,0,0,0,0,0,0,0,1
1202,3041,0,0,0,1,0,0,1,0,0,0,0,0,0,0,0,1
1216,948,0,1,0,0,0,0,0,0,0,0,0,0,0,0,0,0
1224,2213,0,0,0,0,1,0,0,0,0,1,0,0,0,0,0,0
1225,2510,1,0,0,0,0,0,0,0,0,0,0,0,0,0,0,0
1230,2725,1,0,0,0,0,0,0,0,0,0,0,0,0,0,0,0
1238,2237,0,0,0,0,0,1,0,0,0,0,0,0,1,0,0,0
1238,2694,1,0,0,0,0,0,0,0,0,0,0,0,0,0,0,0
1240,916,0,1,0,0,0,0,0,0,0,0,0,0,0,0,0,0
1244,2237,0,0,0,1,0,0,0,0,0,1,0,0,0,0,0,0
1250,2237,0,0,0,1,0,0,0,0,0,0,0,0,1,0,0,0
1256,2977,0,1,0,0,0,0,0,0,0,0,0,0,0,0,0,0
1283,3335,0,1,0,0,0,0,0,0,0,0,0,0,0,0,0,0
1297,2693,1,0,0,0,0,0,0,0,0,0,0,0,0,0,0,0
1303,708,0,0,0,0,1,0,0,1,0,0,1,0,0,0,0,0
1308,728,0,0,0,0,1,0,0,1,0,0,1,0,0,0,0,0
1320,2328,0,0,0,0,0,0,0,0,0,0,0,0,1,0,0,0
1321,1691,0,1,0,0,0,0,0,0,0,0,0,0,0,0,0,0
1323,2571,0,1,0,0,0,0,0,0,0,0,0,0,0,0,0,0
1342,2351,0,0,0,0,1,0,0,0,0,1,0,0,0,0,0,0
1347,2473,0,1,0,0,0,0,0,0,0,0,0,0,0,0,0,0
1354,2309,0,0,0,0,1,0,0,0,0,1,0,0,0,0,0,0
1354,2333,0,0,0,0,1,0,0,0,0,0,0,0,1,0,0,0
1363,2746,0,0,0,0,1,0,0,0,0,0,0,0,1,0,0,0
1365,1962,0,1,0,0,0,0,0,0,0,0,0,0,0,0,0,0
1365,2744,0,0,0,0,1,0,0,0,0,0,0,0,1,0,0,0
1372,2695,0,0,0,0,1,0,0,0,0,1,0,0,0,0,0,0
1373,2731,0,0,0,0,1,0,0,0,0,0,0,0,1,0,0,0
1373,2734,0,0,0,0,0,1,0,0,0,1,0,0,0,0,0,0
1377,322,0,1,0,0,0,0,0,0,0,0,0,0,0,0,0,0
1381,2726,0,0,0,0,0,1,0,0,0,0,0,0,1,0,0,0
1382,2720,0,0,0,0,0,1,0,0,0,0,0,0,1,0,0,0
1385,1565,0,0,0,1,0,0,1,0,0,0,0,0,0,0,0,1
1389,1159,0,1,0,0,0,0,0,0,0,0,0,0,0,0,0,0
1391,1566,0,0,0,1,0,0,1,0,0,0,0,0,0,0,0,1
1392,2752,0,0,0,0,0,0,0,0,0,0,0,0,1,0,0,0
1392,2754,0,0,0,0,0,1,0,0,0,0,0,0,1,0,0,0
1397,2762,0,0,0,0,1,0,0,0,0,0,0,0,1,0,0,0
1399,181,0,0,0,1,0,0,1,0,0,0,0,0,0,0,0,1
1399,189,0,0,0,1,0,0,1,0,0,0,0,0,0,0,0,1
1400,2767,0,0,0,0,1,0,0,0,0,0,0,0,1,0,0,0
1402,2769,0,0,0,0,1,0,0,0,0,0,0,0,1,0,0,0
1406,2776,0,0,0,0,1,0,0,0,0,0,0,0,1,0,0,0
1408,2778,0,0,0,0,1,0,0,0,0,0,0,0,1,0,0,0
1409,839,0,1,0,0,0,0,0,0,0,0,0,0,0,0,0,0
1411,2109,0,0,0,0,0,0,0,0,0,1,0,0,0,0,0,0
1413,1835,0,0,0,0,1,0,0,1,0,0,1,0,0,0,0,0
1413,1864,0,0,0,0,1,0,0,1,0,0,1,0,0,0,0,0
1414,1668,0,0,0,1,0,0,1,0,0,0,0,1,0,0,0,0
1415,471,0,1,0,0,0,0,0,0,0,0,0,0,0,0,0,0
1418,1664,0,0,0,1,0,0,1,0,0,0,0,1,0,0,0,0
1428,2820,0,0,0,0,1,0,0,0,0,1,0,0,0,0,0,0
1434,2338,0,1,0,0,0,0,0,0,0,0,0,0,0,0,0,0
1441,2120,0,0,0,1,0,0,0,0,0,0,0,0,1,0,0,0
1441,2828,0,0,0,0,1,0,0,0,0,1,0,0,0,0,0,0
1445,2120,0,0,0,1,0,0,0,0,0,0,0,0,1,0,0,0
1448,1396,0,1,0,0,0,0,0,0,0,0,0,0,0,0,0,0
1453,1129,0,0,0,0,0,0,0,0,0,0,0,0,0,1,0,0
1455,1129,0,0,0,0,0,0,0,0,0,0,0,0,0,1,0,0
1462,2504,0,1,0,0,0,0,0,0,0,0,0,0,0,0,0,0
1471,3255,0,1,0,0,0,0,0,0,0,0,0,0,0,0,0,0
1480,1206,0,1,0,0,0,0,0,0,0,0,0,0,0,0,0,0
1491,2127,0,0,0,0,0,0,0,0,0,1,0,0,0,0,0,0
1499,2702,0,1,0,0,0,0,0,0,0,0,0,0,0,0,0,0
1504,2003,0,0,0,0,1,0,0,0,0,1,0,0,0,0,0,0
1505,2022,0,0,0,0,1,0,0,0,0,1,0,0,0,0,0,0
1505,2068,0,0,0,0,0,0,0,0,0,1,0,0,0,0,0,0
1507,2870,0,0,0,0,0,0,0,0,0,1,0,0,0,0,0,0
1509,2211,0,1,0,0,0,0,0,0,0,0,0,0,0,0,0,0
1534,1118,0,1,0,0,0,0,0,0,0,0,0,0,0,0,0,0
1546,1245,0,1,0,0,0,0,0,0,0,0,0,0,0,0,0,0
1550,2870,0,0,0,0,1,0,0,0,0,1,0,0,0,0,0,0
1557,2865,0,0,0,0,1,0,0,0,0,0,0,0,1,0,0,0
1557,2869,0,0,0,0,1,0,0,0,0,0,0,0,1,0,0,0
1558,2875,0,0,0,0,0,1,0,0,0,0,0,0,1,0,0,0
1561,1776,0,1,0,0,0,0,0,0,0,0,0,0,0,0,0,0
1562,2269,0,1,0,0,0,0,0,0,0,0,0,0,0,0,0,0
1563,2889,0,0,0,0,1,0,0,0,0,0,0,0,1,0,0,0
1568,615,0,1,0,0,0,0,0,0,0,0,0,0,0,0,0,0
1577,2347,0,1,0,0,0,0,0,0,0,0,0,0,0,0,0,0
1578,956,0,0,0,1,0,0,1,0,0,0,0,1,0,0,0,0
1582,2587,0,1,0,0,0,0,0,0,0,0,0,0,0,0,0,0
1583,655,0,1,0,0,0,0,0,0,0,0,0,0,0,0,0,0
1583,2670,0,1,0,0,0,0,0,0,0,0,0,0,0,0,0,0
1589,1567,0,1,0,0,0,0,0,0,0,0,0,0,0,0,0,0
1593,956,0,0,0,1,0,0,1,0,0,0,0,1,0,0,0,0
1599,815,0,0,0,1,0,0,1,0,0,0,0,1,0,0,0,0
1611,753,0,1,0,0,0,0,0,0,0,0,0,0,0,0,0,0
1611,812,0,0,0,1,0,0,1,0,0,0,0,1,0,0,0,0
1614,2550,0,1,0,0,0,0,0,0,0,0,0,0,0,0,0,0
1619,1104,0,1,0,0,0,0,0,0,0,0,0,0,0,0,0,0
1631,2128,0,1,0,0,0,0,0,0,0,0,0,0,0,0,0,0
1634,944,0,1,0,0,0,0,0,0,0,0,0,0,0,0,0,0
1645,2181,0,1,0,0,0,0,0,0,0,0,0,0,0,0,0,0
1647,369,0,1,0,0,0,0,0,0,0,0,0,0,0,0,0,0
1651,1333,0,0,0,1,0,0,1,0,0,0,0,0,0,0,0,1
1651,1337,0,0,0,1,0,0,1,0,0,0,0,0,0,0,0,1
1652,2670,0,1,0,0,0,0,0,0,0,0,0,0,0,0,0,0
1670,2526,0,1,0,0,0,0,0,0,0,0,0,0,0,0,0,0
1675,1165,0,1,0,0,0,0,0,0,0,0,0,0,0,0,0,0
1682,726,0,1,0,0,0,0,0,0,0,0,0,0,0,0,0,0
1686,3265,0,1,0,0,0,0,0,0,0,0,0,0,0,0,0,0
1704,3240,0,1,0,0,0,0,0,0,0,0,0,0,0,0,0,0
1718,1458,0,1,0,0,0,0,0,0,0,0,0,0,0,0,0,0
1719,1667,0,0,0,1,0,0,1,0,0,0,0,1,0,0,0,0
1723,1663,0,0,0,1,0,0,1,0,0,0,0,0,0,0,0,1
1726,2383,0,0,0,0,0,1,0,0,1,0,1,0,0,0,0,0
1726,2395,0,0,0,1,0,0,1,0,0,0,0,0,0,0,1,0
1728,2517,0,1,0,0,0,0,0,0,0,0,0,0,0,0,0,0
1736,1663,0,0,0,1,0,0,0,0,1,0,0,0,0,1,0,1
1739,2365,0,0,0,0,1,0,0,1,0,0,0,0,0,1,0,0
1750,525,0,1,0,0,0,0,0,0,0,0,0,0,0,0,0,0
1750,643,0,1,0,0,0,0,0,0,0,0,0,0,0,0,0,0
1754,1883,0,1,0,0,0,0,0,0,0,0,0,0,0,0,0,0
1758,1940,0,1,0,0,0,0,0,0,0,0,0,0,0,0,0,0
1775,1142,0,0,0,1,0,0,0,0,0,1,0,0,0,0,0,0
1775,1186,0,0,0,0,1,0,0,0,0,0,0,0,1,0,0,0
1776,2543,0,1,0,0,0,0,0,0,0,0,0,0,0,0,0,0
1780,1244,0,0,0,1,0,0,0,0,0,1,0,0,0,0,0,0
1783,1138,0,0,0,1,0,0,0,0,0,1,0,0,0,0,0,0
1792,1198,0,0,0,0,1,0,0,0,0,0,0,0,1,0,0,0
1793,1244,0,0,0,1,0,0,0,0,0,0,0,0,1,0,0,0
1798,852,0,0,0,0,1,0,0,1,0,0,1,0,0,0,0,0
1804,1246,0,0,0,0,0,1,0,0,0,0,0,0,1,0,0,0
1804,1287,0,0,0,1,0,0,0,0,0,0,0,0,1,0,0,0
1805,536,0,0,0,1,0,0,1,0,0,0,0,0,0,0,0,1
1812,1070,0,0,0,0,0,0,0,0,0,1,0,0,0,0,0,0
1813,536,0,0,0,1,0,0,1,0,0,0,0,0,0,0,0,1
1817,842,0,0,0,0,1,0,0,1,0,0,1,0,0,0,0,0
1817,1288,0,0,0,1,0,0,0,0,0,0,0,0,1,0,0,0
1826,1384,0,1,0,0,0,0,0,0,0,0,0,0,0,0,0,0
1827,1485,0,0,0,0,1,0,0,1,0,0,0,0,0,1,0,0
1827,1514,0,0,0,0,1,0,0,1,0,0,1,0,0,0,0,0
1829,2613,0,0,0,1,0,0,1,0,0,0,0,0,0,0,0,1
1837,3032,0,1,0,0,0,0,0,0,0,0,0,0,0,0,0,0
1841,2613,0,0,0,1,0,0,1,0,0,0,0,0,0,0,0,1
1845,1226,0,0,0,0,0,0,0,0,0,1,0,0,0,0,0,0
1852,1597,0,1,0,0,0,0,0,0,0,0,0,0,0,0,0,0
1853,1730,0,1,0,0,0,0,0,0,0,0,0,0,0,0,0,0
1860,2667,0,1,0,0,0,0,0,0,0,0,0,0,0,0,0,0
1867,2240,0,0,0,0,1,0,0,0,0,1,0,0,0,0,0,0
1868,2266,0,0,0,0,1,0,0,0,0,1,0,0,0,0,0,0
1869,487,0,1,0,0,0,0,0,0,0,0,0,0,0,0,0,0
1870,2363,0,1,0,0,0,0,0,0,0,0,0,0,0,0,0,0
1882,454,0,1,0,0,0,0,0,0,0,0,0,0,0,0,0,0
1887,1244,0,1,0,0,0,0,0,0,0,0,0,0,0,0,0,0
1900,1008,0,1,0,0,0,0,0,0,0,0,0,0,0,0,0,0
1900,2266,0,0,0,0,1,0,0,0,0,0,0,0,1,0,0,0
1900,3047,0,1,0,0,0,0,0,0,0,0,0,0,0,0,0,0
1918,2534,0,0,0,1,0,0,1,0,0,0,0,0,0,0,0,1
1918,2538,0,0,0,1,0,0,1,0,0,0,0,0,0,0,0,1
1936,2612,0,1,0,0,0,0,0,0,0,0,0,0,0,0,0,0
1937,789,0,1,0,0,0,0,0,0,0,0,0,0,0,0,0,0
1937,2249,0,0,0,1,0,0,0,0,0,0,0,0,1,0,0,0
1937,2254,0,0,0,1,0,0,0,0,0,1,0,0,0,0,0,0
1940,1306,0,0,0,0,0,0,0,0,0,1,0,0,0,0,0,0
1946,2941,0,1,0,0,0,0,0,0,0,0,0,0,0,0,0,0
1956,1668,0,1,0,0,0,0,0,0,0,0,0,0,0,0,0,0
1957,703,0,1,0,0,0,0,0,0,0,0,0,0,0,0,0,0
1963,2188,0,0,0,1,0,0,0,0,0,1,0,0,0,0,0,0
1971,1236,0,0,0,1,0,0,0,0,0,0,0,0,1,0,0,0
1972,2188,0,0,0,0,0,1,0,0,0,0,0,0,1,0,0,0
1974,1230,0,0,0,1,0,0,0,0,0,1,0,0,0,0,0,0
1977,1805,0,0,0,0,0,0,0,0,0,1,0,0,0,0,0,0
1977,2009,0,1,0,0,0,0,0,0,0,0,0,0,0,0,0,0
1979,1230,0,0,0,1,0,0,0,0,0,0,0,0,1,0,0,0
1980,915,0,1,0,0,0,0,0,0,0,0,0,0,0,0,0,0
1981,3104,0,1,0,0,0,0,0,0,0,0,0,0,0,0,0,0
1994,2187,0,0,0,0,1,0,0,0,0,0,0,0,1,0,0,0
1998,754,0,1,0,0,0,0,0,0,0,0,0,0,0,0,0,0
2003,1195,0,0,0,0,0,0,0,0,0,1,0,0,0,0,0,0
2016,1791,0,0,0,1,0,0,0,0,0,0,0,0,1,0,0,0
2016,1806,0,0,0,1,0,0,0,0,0,1,0,0,0,0,0,0
2017,1811,0,0,0,1,0,0,0,0,0,0,0,0,1,0,0,0
2021,1816,0,0,0,0,0,1,0,0,0,1,0,0,0,0,0,0
2021,1842,0,0,0,0,1,0,0,0,0,0,0,0,1,0,0,0
2028,1890,0,0,0,0,0,0,0,0,0,0,0,0,1,0,0,0
2029,2016,0,0,0,0,1,0,0,0,0,0,0,0,1,0,0,0
2036,2011,0,0,0,0,1,0,0,0,0,1,0,0,0,0,0,0
2036,2015,0,0,0,0,1,0,0,0,0,0,0,0,1,0,0,0
2039,2023,0,0,0,0,0,1,0,0,0,0,0,0,1,0,0,0
2040,2021,0,0,0,0,1,0,0,0,0,0,0,0,1,0,0,0
2040,2023,0,0,0,0,0,1,0,0,0,0,0,0,1,0,0,0
2040,2025,0,0,0,0,0,1,0,0,0,0,0,0,1,0,0,0
2044,2062,0,0,0,0,0,0,0,0,0,1,0,0,0,0,0,0
2059,1944,0,0,0,0,1,0,0,0,0,1,0,0,0,0,0,0
2059,1982,0,0,0,0,1,0,0,0,0,0,0,0,1,0,0,0
2092,1513,0,1,0,0,0,0,0,0,0,0,0,0,0,0,0,0
2098,1792,0,1,0,0,0,0,0,0,0,0,0,0,0,0,0,0
2122,2404,0,1,0,0,0,0,0,0,0,0,0,0,0,0,0,0
2135,1649,0,1,0,0,0,0,0,0,0,0,0,0,0,0,0,0
2152,535,0,1,0,0,0,0,0,0,0,0,0,0,0,0,0,0
2156,1420,0,1,0,0,0,0,0,0,0,0,0,0,0,0,0,0
2160,1046,0,0,1,0,0,0,0,0,0,0,0,0,0,0,0,0
2161,1539,0,1,0,0,0,0,0,0,0,0,0,0,0,0,0,0
2183,1498,0,0,1,0,0,0,0,0,0,0,0,0,0,0,0,0
2211,1420,0,0,1,0,0,0,0,0,0,0,0,0,0,0,0,0
2214,2234,0,0,0,0,1,0,0,1,0,0,1,0,0,0,0,0
2233,2245,0,0,0,0,1,0,0,1,0,0,1,0,0,0,0,0
2252,2496,0,0,0,1,0,0,1,0,0,0,0,0,0,0,0,1
2256,2496,0,0,0,1,0,0,0,0,1,0,0,0,0,1,0,1
2262,1438,0,0,0,0,1,0,0,1,0,0,0,0,0,1,0,0
2275,1868,0,1,0,0,0,0,0,0,0,0,0,0,0,0,0,0
2276,1817,0,0,0,1,0,0,1,0,0,0,0,0,0,0,0,1
2281,795,0,0,0,0,1,0,0,1,0,0,1,0,0,0,0,0
2283,766,0,0,0,1,0,0,0,1,0,0,0,0,0,1,0,0
2283,769,0,0,0,0,0,1,0,0,1,0,0,0,0,1,0,0
2283,1438,0,0,0,0,1,0,0,1,0,0,1,0,0,0,0,0
2293,1817,0,0,0,1,0,0,1,0,0,0,0,0,0,0,0,1
2309,2619,0,0,0,1,0,0,1,0,0,0,0,1,0,0,0,0
2309,2631,0,0,0,1,0,0,0,0,1,0,1,0,0,0,0,0
2319,1151,0,0,1,0,0,0,0,0,0,0,0,0,0,0,0,0
2320,1031,0,0,1,0,0,0,0,0,0,0,0,0,0,0,0,0
2324,1609,0,0,1,0,0,0,0,0,0,0,0,0,0,0,0,0
