55,1493,0,1,0,0,0,0,0,0,0,0,0,0,0,0,0,0
82,696,0,0,0,1,0,0,1,0,0,0,0,0,0,0,0,1
85,700,0,0,0,1,0,0,1,0,0,0,0,0,0,0,0,1
88,823,0,0,0,1,0,0,1,0,0,0,0,1,0,0,0,0
88,840,0,0,0,1,0,0,1,0,0,0,0,0,0,0,0,1
88,845,0,0,0,1,0,0,1,0,0,0,0,0,0,0,0,1
94,899,0,1,0,0,0,0,0,0,0,0,0,0,0,0,0,0
100,2414,0,1,0,0,0,0,0,0,0,0,0,0,0,0,0,0
103,1793,0,1,0,0,0,0,0,0,0,0,0,0,0,0,0,0
106,2463,0,0,0,1,0,0,1,0,0,0,0,0,0,0,1,0
107,1516,0,1,0,0,0,0,0,0,0,0,0,0,0,0,0,0
107,2465,0,0,0,0,0,1,0,0,1,0,0,0,0,1,0,0
108,2465,0,0,0,0,0,1,0,0,1,0,0,0,0,1,0,0
108,2593,0,0,0,1,0,0,1,0,0,0,0,0,0,0,1,0
117,2591,0,0,0,1,0,0,1,0,0,0,0,0,0,0,0,1
118,2578,0,0,0,1,0,0,1,0,0,0,0,0,0,0,0,1
132,2134,0,1,0,0,0,0,0,0,0,0,0,0,0,0,0,0
132,2315,0,1,0,0,0,0,0,0,0,0,0,0,0,0,0,0
161,2527,0,1,0,0,0,0,0,0,0,0,0,0,0,0,0,0
177,1477,0,0,0,1,0,0,1,0,0,0,0,0,0,0,0,1
181,1477,0,0,0,1,0,0,1,0,0,0,0,0,0,0,0,1
186,1235,0,1,0,0,0,0,0,0,0,0,0,0,0,0,0,0
215,899,0,0,0,0,1,0,0,1,0,0,0,0,0,1,0,0
218,922,0,0,0,0,1,0,0,1,0,0,1,0,0,0,0,0
241,1151,0,1,0,0,0,0,0,0,0,0,0,0,0,0,0,0
250,701,0,1,0,0,0,0,0,0,0,0,0,0,0,0,0,0
256,2002,0,1,0,0,0,0,0,0,0,0,0,0,0,0,0,0
257,1511,0,0,0,1,0,0,1,0,0,0,0,1,0,0,0,0
271,1513,0,0,0,1,0,0,1,0,0,0,0,0,0,0,0,1
276,1513,0,0,0,1,0,0,1,0,0,0,0,0,0,0,0,1
305,2909,0,1,0,0,0,0,0,0,0,0,0,0,0,0,0,0
306,1449,0,1,0,0,0,0,0,0,0,0,0,0,0,0,0,0
325,1759,0,1,0,0,0,0,0,0,0,0,0,0,0,0,0,0
325,2867,0,0,0,1,0,0,1,0,0,0,0,0,0,0,0,1
325,2882,0,0,0,1,0,0,1,0,0,0,0,0,0,0,1,0
326,2855,0,0,0,1,0,0,1,0,0,0,0,0,0,0,0,1
330,1544,0,0,0,1,0,0,1,0,0,0,0,1,0,0,0,0
330,1554,0,0,0,0,0,1,0,0,1,0,0,0,0,1,0,0
333,1572,0,0,0,0,1,0,0,1,0,0,0,0,0,1,0,0
335,2442,0,1,0,0,0,0,0,0,0,0,0,0,0,0,0,0
337,2184,0,0,0,0,1,0,0,1,0,0,0,0,0,1,0,0
341,1868,0,1,0,0,0,0,0,0,0,0,0,0,0,0,0,0
348,1512,0,0,0,1,0,0,1,0,0,0,0,0,0,0,1,0
350,1510,0,0,0,0,0,1,0,0,1,0,0,0,0,1,0,0
351,1510,0,0,0,0,0,1,0,0,1,0,0,0,0,1,0,0
352,2189,0,0,0,0,0,1,0,0,1,0,0,0,0,1,0,1
352,2195,0,0,0,1,0,0,1,0,0,0,0,0,0,0,0,1
353,2843,0,1,0,0,0,0,0,0,0,0,0,0,0,0,0,0
355,1955,0,0,0,0,0,0,0,0,0,0,0,0,0,1,0,0
356,1955,0,0,0,0,0,0,0,0,0,0,0,0,0,1,0,0
356,1956,0,0,0,0,0,0,0,0,0,0,1,0,0,0,0,0
362,808,0,0,0,1,0,0,1,0,0,0,0,0,0,0,0,1
362,1097,0,1,0,0,0,0,0,0,0,0,0,0,0,0,0,0
364,2565,0,1,0,0,0,0,0,0,0,0,0,0,0,0,0,0
367,2032,0,1,0,0,0,0,0,0,0,0,0,0,0,0,0,0
369,808,0,0,0,1,0,0,1,0,0,0,0,0,0,0,0,1
375,1209,0,0,0,1,0,0,1,0,0,0,0,0,0,0,1,0
377,1207,0,0,0,1,0,0,1,0,0,0,0,0,0,0,1,0
378,2729,0,0,0,1,0,0,1,0,0,0,0,0,0,0,1,0
380,670,0,1,0,0,0,0,0,0,0,0,0,0,0,0,0,0
381,2721,0,0,0,1,0,0,1,0,0,0,0,0,0,0,1,0
382,2605,0,1,0,0,0,0,0,0,0,0,0,0,0,0,0,0
409,1062,0,1,0,0,0,0,0,0,0,0,0,0,0,0,0,0
419,1596,0,0,0,0,0,0,0,0,0,0,0,0,0,1,0,0
421,1596,0,0,0,0,0,0,0,0,0,0,1,0,0,0,0,0
426,3007,0,1,0,0,0,0,0,0,0,0,0,0,0,0,0,0
434,2061,0,1,0,0,0,0,0,0,0,0,0,0,0,0,0,0
436,1466,0,1,0,0,0,0,0,0,0,0,0,0,0,0,0,0
437,865,0,0,0,1,0,0,1,0,0,0,0,0,0,0,1,0
437,874,0,0,0,1,0,0,1,0,0,0,0,0,0,0,1,0
445,1215,0,1,0,0,0,0,0,0,0,0,0,0,0,0,0,0
447,768,0,0,0,0,1,0,0,1,0,0,0,0,0,1,0,0
451,1828,0,1,0,0,0,0,0,0,0,0,0,0,0,0,0,0
452,717,0,0,0,1,0,0,1,0,0,0,0,0,0,0,0,1
452,734,0,0,0,0,1,0,0,1,0,0,0,0,0,1,0,1
452,741,0,0,0,0,0,1,0,0,1,0,0,0,0,1,0,0
452,743,0,0,0,0,0,1,0,0,1,0,0,0,0,1,0,0
452,2762,0,0,0,1,0,0,1,0,0,0,0,1,0,0,0,0
454,741,0,0,0,0,0,1,0,0,1,0,0,0,0,1,0,0
455,2762,0,0,0,1,0,0,1,0,0,0,0,0,0,0,1,0
457,739,0,0,0,0,1,0,0,1,0,0,1,0,0,0,0,0
461,458,0,1,0,0,0,0,0,0,0,0,0,0,0,0,0,0
477,2247,0,1,0,0,0,0,0,0,0,0,0,0,0,0,0,0
481,394,0,0,0,1,0,0,1,0,0,0,0,0,0,0,0,1
481,402,0,0,0,1,0,0,1,0,0,0,0,0,0,0,0,1
481,3133,0,0,0,1,0,0,1,0,0,0,0,0,0,0,0,1
481,3147,0,0,0,1,0,0,1,0,0,0,0,0,0,0,0,1
490,1263,0,1,0,0,0,0,0,0,0,0,0,0,0,0,0,0
498,1399,0,1,0,0,0,0,0,0,0,0,0,0,0,0,0,0
504,2834,0,1,0,0,0,0,0,0,0,0,0,0,0,0,0,0
504,2893,0,0,0,1,0,0,1,0,0,0,0,0,0,0,0,1
505,1158,0,1,0,0,0,0,0,0,0,0,0,0,0,0,0,0
506,2949,0,0,0,1,0,0,1,0,0,0,0,0,0,0,0,1
507,2895,0,0,0,1,0,0,1,0,0,0,0,0,0,0,0,1
507,2947,0,0,0,1,0,0,1,0,0,0,0,0,0,0,0,1
507,3100,0,1,0,0,0,0,0,0,0,0,0,0,0,0,0,0
519,311,0,1,0,0,0,0,0,0,0,0,0,0,0,0,0,0
524,2236,0,0,0,1,0,0,1,0,0,0,0,0,0,0,0,1
527,2600,0,1,0,0,0,0,0,0,0,0,0,0,0,0,0,0
530,2236,0,0,0,1,0,0,1,0,0,0,0,0,0,0,0,1
533,2784,0,0,0,0,1,0,0,1,0,0,1,0,0,0,0,0
545,2758,0,0,0,0,0,1,0,0,1,0,0,0,0,1,0,0
548,1313,0,0,0,1,0,0,1,0,0,0,0,0,0,0,0,1
548,1317,0,0,0,1,0,0,1,0,0,0,0,0,0,0,0,1
549,2758,0,0,0,0,0,1,0,0,1,0,0,0,0,1,0,0
561,2732,0,0,0,0,1,0,0,1,0,0,1,0,0,0,0,0
568,258,0,1,0,0,0,0,0,0,0,0,0,0,0,0,0,0
577,2619,0,0,0,0,1,0,0,1,0,0,0,0,0,1,0,0
579,460,0,1,0,0,0,0,0,0,0,0,0,0,0,0,0,0
582,1037,0,0,0,0,1,0,0,1,0,0,0,0,0,1,0,0
587,2597,0,0,0,0,1,0,0,1,0,0,0,0,0,1,0,0
590,1011,0,0,0,0,0,1,0,0,1,0,0,0,0,1,0,0
590,2779,0,0,0,0,1,0,0,1,0,0,1,0,0,0,0,0
591,2755,0,0,0,0,1,0,0,1,0,0,0,0,0,1,0,0
593,1011,0,0,0,0,0,1,0,0,1,0,0,0,0,1,0,0
598,503,0,1,0,0,0,0,0,0,0,0,0,0,0,0,0,0
599,2470,0,1,0,0,0,0,0,0,0,0,0,0,0,0,0,0
609,1014,0,0,0,0,1,0,0,1,0,0,0,0,0,1,0,0
618,1025,0,0,0,0,0,1,0,0,1,0,0,0,0,1,0,0
626,1025,0,0,0,1,0,0,1,0,0,0,0,0,0,0,1,0
626,2496,0,1,0,0,0,0,0,0,0,0,0,0,0,0,0,0
635,751,0,1,0,0,0,0,0,0,0,0,0,0,0,0,0,0
644,2387,0,1,0,0,0,0,0,0,0,0,0,0,0,0,0,0
650,2069,0,1,0,0,0,0,0,0,0,0,0,0,0,0,0,0
655,1086,0,1,0,0,0,0,0,0,0,0,0,0,0,0,0,0
662,583,0,1,0,0,0,0,0,0,0,0,0,0,0,0,0,0
679,2496,0,0,0,0,1,0,0,1,0,0,0,0,0,1,0,0
682,2057,0,1,0,0,0,0,0,0,0,0,0,0,0,0,0,0
685,1016,0,1,0,0,0,0,0,0,0,0,0,0,0,0,0,0
685,1070,0,0,0,1,0,0,0,0,0,1,0,0,0,0,0,0
695,1069,0,0,0,0,0,1,0,0,0,0,0,0,1,0,0,0
696,1055,0,0,0,1,0,0,0,0,0,0,0,0,1,0,0,0
696,2499,0,0,0,0,1,0,0,1,0,0,0,0,0,1,0,0
706,1080,0,0,0,0,1,0,0,0,0,1,0,0,0,0,0,0
718,633,0,1,0,0,0,0,0,0,0,0,0,0,0,0,0,0
726,1039,0,0,0,0,0,0,0,0,0,1,0,0,0,0,0,0
730,1094,0,0,0,0,0,1,0,0,0,0,0,0,1,0,0,0
739,1094,0,0,0,0,0,1,0,0,0,0,0,0,1,0,0,0
745,2854,0,0,0,0,1,0,0,1,0,0,1,0,0,0,0,0
745,2882,0,0,0,0,0,1,0,0,1,0,0,0,0,1,0,1
746,2885,0,0,0,1,0,0,1,0,0,0,0,0,0,0,0,1
753,1858,0,1,0,0,0,0,0,0,0,0,0,0,0,0,0,0
754,596,0,1,0,0,0,0,0,0,0,0,0,0,0,0,0,0
756,947,0,0,1,0,0,0,0,0,0,0,0,0,0,0,0,0
756,2605,0,0,1,0,0,0,0,0,0,0,0,0,0,0,0,0
756,2661,0,1,0,0,0,0,0,0,0,0,0,0,0,0,0,0
757,1920,0,1,0,0,0,0,0,0,0,0,0,0,0,0,0,0
759,1371,0,1,0,0,0,0,0,0,0,0,0,0,0,0,0,0
760,1094,0,0,0,0,1,0,0,0,0,0,0,0,1,0,0,0
761,1119,0,0,0,0,1,0,0,0,0,1,0,0,0,0,0,0
768,1136,0,0,0,0,0,1,0,0,0,0,0,0,1,0,0,0
772,1136,0,0,0,1,0,0,0,0,0,0,0,0,1,0,0,0
773,1025,0,0,0,1,0,0,0,0,0,0,0,0,1,0,0,0
773,1038,0,0,0,1,0,0,0,0,0,0,0,0,1,0,0,0
773,1070,0,0,0,0,0,1,0,0,0,0,0,0,1,0,0,0
783,1069,0,0,0,0,0,1,0,1,0,0,1,0,0,0,0,0
787,804,0,0,0,0,1,0,0,1,0,0,1,0,0,0,0,0
791,1501,0,1,0,0,0,0,0,0,0,0,0,0,0,0,0,0
799,795,0,0,0,0,0,1,0,0,1,0,1,0,0,0,0,0
803,1057,0,0,0,0,1,0,0,1,0,0,1,0,0,0,0,0
814,792,0,0,0,1,0,0,1,0,0,0,0,1,0,0,0,0
818,1010,0,0,0,0,1,0,0,1,0,0,1,0,0,0,0,0
823,1675,0,1,0,0,0,0,0,0,0,0,0,0,0,0,0,0
840,752,0,0,0,0,1,0,0,1,0,0,0,0,0,1,0,0
843,1010,0,0,0,0,1,0,0,1,0,0,1,0,0,0,0,0
845,1138,0,0,0,0,0,1,0,0,0,1,0,0,0,0,0,0
847,1138,0,0,0,0,0,1,0,0,0,0,0,0,1,0,0,0
848,830,0,0,0,0,1,0,0,1,0,0,0,0,0,1,0,0
855,1138,0,0,0,1,0,0,0,0,0,0,0,0,1,0,0,0
855,1171,0,0,0,0,1,0,0,0,0,0,0,0,1,0,0,0
855,1198,0,1,0,0,1,0,0,0,0,0,0,0,0,0,0,0
856,1140,0,0,0,0,0,1,0,0,0,0,0,0,1,0,0,0
858,751,0,0,0,0,1,0,0,1,0,0,1,0,0,0,0,0
859,874,0,0,0,0,0,1,0,0,1,0,0,1,0,0,0,0
861,1105,0,0,0,0,1,0,0,0,0,1,0,0,0,0,0,0
861,2732,0,1,0,0,0,0,0,0,0,0,0,0,0,0,0,0
863,847,0,0,0,0,1,0,0,1,0,0,1,0,0,0,0,0
863,884,0,0,0,0,0,1,1,0,0,0,0,0,0,0,1,0
866,1079,0,0,0,0,1,0,0,0,0,0,0,0,1,0,0,0
866,2939,0,0,0,0,1,0,0,1,0,0,1,0,0,0,0,0
866,2973,0,0,0,0,1,0,0,1,0,0,1,0,0,0,0,0
869,1012,0,0,0,0,1,0,0,0,0,0,0,0,1,0,0,0
869,2062,0,1,0,0,0,0,0,0,0,0,0,0,0,0,0,0
880,1027,0,0,0,0,0,1,0,0,0,0,0,0,1,0,0,0
883,1027,0,0,0,0,1,0,0,0,0,0,0,0,1,0,0,0
884,592,0,1,0,0,0,0,0,0,0,0,0,0,0,0,0,0
884,1236,0,0,0,1,0,0,1,0,0,0,0,0,0,0,1,0
884,1239,0,0,0,1,0,0,1,0,0,0,0,1,0,0,0,0
884,1244,0,0,0,1,0,0,1,0,0,0,0,0,0,0,1,0
888,816,0,0,0,1,0,0,1,0,0,0,0,0,0,0,1,0
890,2923,0,0,0,1,0,0,1,0,0,0,0,0,0,0,0,1
890,2928,0,0,0,0,0,1,0,0,1,0,0,0,0,1,0,1
892,1126,0,0,0,0,1,0,0,0,0,1,0,0,0,0,0,0
893,889,0,0,0,0,1,0,0,0,0,0,0,0,1,0,0,0
896,987,0,0,0,0,1,0,0,0,0,1,0,0,0,0,0,0
899,816,0,0,0,1,0,0,1,0,0,0,0,0,0,0,1,0
905,817,0,0,0,1,0,0,1,0,0,0,0,1,0,0,0,0
905,1008,0,0,0,0,0,1,0,0,0,1,0,0,0,0,0,0
905,1196,0,0,0,0,0,0,0,0,0,1,0,0,0,0,0,0
908,1071,0,0,0,0,1,0,0,0,0,1,0,0,0,0,0,0
909,762,0,0,0,1,0,0,1,0,0,0,0,0,0,0,0,1
912,949,0,0,0,0,1,0,0,0,0,0,0,0,1,0,0,0
913,770,0,0,0,0,0,1,0,0,1,0,0,0,0,1,0,1
913,772,0,0,0,0,0,0,0,0,0,0,0,0,0,1,0,0
913,1008,0,0,0,0,0,1,0,0,0,0,0,0,1,0,0,0
914,888,0,0,0,0,0,1,0,0,0,0,0,0,1,0,0,0
914,1116,0,0,0,0,0,1,0,0,0,1,0,0,0,0,0,0
914,1122,0,0,0,1,0,0,0,0,0,0,0,0,1,0,0,0
919,1112,0,0,0,0,0,1,0,0,0,0,0,0,1,0,0,0
920,886,0,0,0,1,0,0,0,0,0,1,0,0,0,0,0,0
920,937,0,0,0,0,0,0,0,0,0,0,0,0,1,0,0,0
920,939,0,0,0,0,0,1,0,0,0,1,0,0,0,0,0,0
920,1076,0,0,0,0,0,1,0,0,0,1,0,0,0,0,0,0
921,2902,0,0,0,1,0,0,1,0,0,0,0,0,0,0,0,1
922,939,0,0,0,0,0,1,0,0,0,0,0,0,1,0,0,0
924,2902,0,0,0,1,0,0,1,0,0,0,0,0,0,0,0,1
926,960,0,0,0,0,0,1,0,0,0,0,0,0,1,0,0,0
926,962,0,0,0,0,0,1,0,0,0,0,0,0,1,0,0,0
926,1777,0,0,0,0,0,0,0,0,0,0,0,0,0,1,0,0
926,1779,0,0,0,0,0,0,0,0,0,0,0,0,0,1,0,0
929,963,0,0,0,0,1,0,0,0,0,0,0,0,1,0,0,0
929,1023,0,0,0,0,0,1,0,0,0,0,0,0,1,0,0,0
929,1031,0,0,0,0,1,0,0,0,0,0,0,0,1,0,0,0
929,1863,0,1,0,0,0,0,0,0,0,0,0,0,0,0,0,0
936,935,0,0,0,0,1,0,0,0,0,1,0,0,0,0,0,0
942,965,0,0,0,0,1,0,0,0,0,0,0,0,1,0,0,0
945,1935,0,0,0,1,0,0,0,0,1,0,0,0,0,1,0,1
945,1938,0,0,0,1,0,0,1,0,0,0,0,0,0,0,0,1
946,2727,0,1,0,0,0,0,0,0,0,0,0,0,0,0,0,0
951,1665,0,0,0,1,0,0,1,0,0,0,0,0,0,0,0,1
954,3045,0,1,0,0,0,0,0,0,0,0,0,0,0,0,0,0
955,1066,0,0,0,0,1,0,0,0,0,1,0,0,0,0,0,0
955,1127,0,0,0,1,0,0,0,0,0,0,0,0,1,0,0,0
956,1665,0,0,0,1,0,0,1,0,0,0,0,0,0,0,0,1
957,1134,0,0,0,1,0,0,0,0,0,0,0,0,1,0,0,0
966,1067,0,0,0,0,1,0,0,0,0,1,0,0,0,0,0,0
970,978,0,0,0,0,1,0,0,0,0,0,0,0,1,0,0,0
971,1011,0,0,0,0,0,0,0,0,0,1,0,0,0,0,0,0
972,2230,0,0,1,0,0,0,0,0,0,0,0,0,0,0,0,0
973,978,0,0,0,0,0,1,0,0,0,0,0,0,1,0,0,0
975,2939,0,0,0,1,0,0,1,0,0,0,0,0,0,0,1,0
977,2940,0,0,0,0,0,1,0,0,1,0,0,0,0,1,0,0
977,2941,0,0,0,0,0,1,0,0,1,0,0,0,0,1,0,0
978,2940,0,0,0,0,0,0,0,0,0,0,0,0,0,1,0,0
978,2941,0,0,0,0,0,0,0,0,0,0,1,0,0,0,0,0
979,844,0,0,0,0,1,0,0,0,0,1,0,0,0,0,0,0
981,977,0,0,0,0,0,1,0,0,0,0,0,0,1,0,0,0
987,977,0,0,0,0,0,1,0,0,0,1,0,0,0,0,0,0
988,2453,0,1,0,0,0,0,0,0,0,0,0,0,0,0,0,0
993,909,0,0,0,0,1,0,0,0,0,0,0,0,1,0,0,0
997,896,1,0,0,0,0,0,0,0,0,0,0,0,0,0,0,0
998,1122,0,0,0,0,0,1,0,0,0,1,0,0,0,0,0,0
999,1086,0,0,0,0,1,0,0,0,0,0,0,0,1,0,0,0
1000,1042,0,0,0,0,0,0,0,0,0,1,0,0,0,0,0,0
1003,894,1,0,0,0,0,0,0,0,0,0,0,0,0,0,0,0
1003,2083,0,0,0,0,0,0,0,0,0,0,0,0,0,1,0,0
1005,976,0,0,0,0,0,1,0,0,0,0,0,0,1,0,0,0
1005,1104,0,0,0,0,1,0,0,0,0,1,0,0,0,0,0,0
1005,1113,0,0,0,0,1,0,0,0,0,1,0,0,0,0,0,0
1005,2083,0,0,0,0,0,0,0,0,0,0,0,0,0,1,0,0
1006,849,0,0,0,0,1,0,0,0,0,0,0,0,1,0,0,0
1006,1541,0,0,0,1,0,0,1,0,0,0,0,0,0,0,0,1
1006,1545,0,0,0,1,0,0,0,0,1,0,0,0,0,1,0,1
1010,923,0,0,0,0,0,1,0,0,0,0,0,0,1,0,0,0
1010,966,0,0,0,0,0,1,0,0,0,0,0,0,1,0,0,0
1010,974,0,0,0,0,0,1,0,0,0,0,0,0,1,0,0,0
1011,903,0,0,0,0,1,0,0,0,0,1,0,0,0,0,0,0
1011,908,0,0,0,0,1,0,0,0,0,0,0,0,1,0,0,0
1011,930,0,0,0,0,0,1,0,0,0,0,0,0,1,0,0,0
1012,1011,0,0,0,0,1,0,0,0,0,0,0,0,1,0,0,0
1012,1016,0,0,0,0,1,0,0,0,0,0,0,0,1,0,0,0
1013,1113,0,0,0,0,1,0,0,0,0,0,0,0,1,0,0,0
1013,1122,0,0,0,0,0,1,0,0,0,1,0,0,0,0,0,0
1014,1096,0,0,0,0,0,1,0,0,0,0,0,0,1,0,0,0
1015,1104,0,0,0,0,0,1,0,0,0,0,0,0,1,0,0,0
1015,1109,0,0,0,0,1,0,0,0,0,1,0,0,0,0,0,0
1016,1002,0,0,0,0,0,1,0,0,0,0,0,0,1,0,0,0
1016,1104,0,0,0,0,0,1,0,0,0,1,0,0,0,0,0,0
1018,2499,0,1,0,0,0,0,0,0,0,0,0,0,0,0,0,0
1021,2121,0,0,0,1,0,0,1,0,0,0,0,0,0,0,0,1
1022,827,0,0,0,1,0,0,0,0,0,0,0,0,1,0,0,0
1022,831,0,0,0,0,0,1,0,0,0,1,0,0,0,0,0,0
1024,1016,0,0,0,0,0,1,0,0,0,0,0,0,1,0,0,0
1025,907,0,0,0,0,1,0,0,0,0,0,0,0,1,0,0,0
1027,942,0,0,0,0,1,0,0,0,0,0,0,0,1,0,0,0
1028,2121,0,0,0,1,0,0,0,0,1,0,0,0,0,1,0,1
1031,1058,0,0,0,0,0,0,0,0,0,0,0,0,1,0,0,0
1035,988,0,0,0,0,1,0,0,0,0,0,0,0,1,0,0,0
1037,911,0,0,0,0,1,0,0,0,0,1,0,0,0,0,0,0
1037,1021,0,0,0,0,1,0,0,0,0,1,0,0,0,0,0,0
1037,2987,0,1,0,0,0,0,0,0,0,0,0,0,0,0,0,0
1043,911,0,0,0,0,0,1,0,0,0,0,0,0,1,0,0,0
1043,2621,0,0,1,0,0,0,0,0,0,0,0,0,0,0,0,0
1044,978,0,0,0,0,0,0,0,0,0,0,0,0,1,0,0,0
1044,979,0,0,0,0,0,1,0,0,0,0,0,0,1,0,0,0
1044,1026,0,0,0,0,1,0,0,0,0,1,0,0,0,0,0,0
1045,979,0,0,0,0,0,0,0,0,0,1,0,0,0,0,0,0
1046,502,0,1,0,0,0,0,0,0,0,0,0,0,0,0,0,0
1048,2750,0,0,1,0,0,0,0,0,0,0,0,0,0,0,0,0
1049,840,0,0,0,0,0,1,0,0,0,1,0,0,0,0,0,0
1050,2294,0,1,0,0,0,0,0,0,0,0,0,0,0,0,0,0
1051,912,0,0,0,0,0,1,0,0,0,0,0,0,1,0,0,0
1052,847,0,0,0,1,0,0,0,0,0,0,0,0,1,0,0,0
1053,912,0,0,0,0,0,0,0,0,0,1,0,0,0,0,0,0
1065,1128,0,0,0,1,0,0,0,0,0,0,0,0,1,0,0,0
1066,922,0,0,0,0,0,1,0,0,0,0,0,0,1,0,0,0
1066,925,0,0,0,0,0,1,0,0,0,0,0,0,1,0,0,0
1067,1110,0,0,0,0,0,1,0,0,0,0,0,0,1,0,0,0
1067,1115,0,0,0,0,0,1,0,0,0,0,0,0,1,0,0,0
1067,1137,0,0,0,1,0,0,0,0,0,0,0,0,1,0,0,0
1070,2187,0,0,0,1,0,0,1,0,0,0,0,1,0,0,0,0
1071,1089,0,0,0,0,0,1,0,0,0,0,0,0,1,0,0,0
1072,976,0,0,0,0,1,0,0,0,0,1,0,0,0,0,0,0
1073,971,0,0,0,0,1,0,0,0,0,0,0,0,1,0,0,0
1073,985,0,0,0,0,1,0,0,0,0,0,0,0,1,0,0,0
1075,1084,0,0,0,0,1,0,0,0,0,0,0,0,1,0,0,0
1075,1087,0,0,0,0,1,0,0,0,0,0,0,0,1,0,0,0
1075,1280,0,0,1,0,0,0,0,0,0,0,0,0,0,0,0,0
1077,989,0,0,0,0,0,1,0,0,0,0,0,0,1,0,0,0
1079,1029,0,0,0,0,0,0,0,0,0,0,0,0,1,0,0,0
1079,1081,0,0,0,0,1,0,0,0,0,0,0,0,1,0,0,0
1081,2182,0,0,0,1,0,0,1,0,0,0,0,0,0,0,0,1
1081,3148,0,1,0,0,0,0,0,0,0,0,0,0,0,0,0,0
1088,2931,0,0,0,1,0,0,1,0,0,0,0,0,0,0,0,1
1089,2182,0,0,0,1,0,0,1,0,0,0,0,0,0,0,0,1
1090,1123,0,0,0,0,0,1,0,0,0,0,0,0,1,0,0,0
1092,1124,0,0,0,0,0,1,0,0,0,0,0,0,1,0,0,0
1092,1125,0,0,0,0,0,1,0,0,0,1,0,0,0,0,0,0
1094,990,0,0,0,1,0,0,0,0,0,1,0,0,0,0,0,0
1098,2931,0,0,0,1,0,0,1,0,0,0,0,0,0,0,0,1
1106,940,0,0,0,0,0,1,0,0,0,1,0,0,0,0,0,0
1106,947,0,0,0,1,0,0,0,0,0,0,0,0,1,0,0,0
1116,1306,0,0,0,0,1,0,0,1,0,0,0,0,0,1,0,0
1116,1325,0,0,0,0,1,0,0,1,0,0,0,0,0,1,0,0
1119,760,0,0,0,1,0,0,0,1,0,0,1,0,0,0,0,0
1121,950,0,0,0,0,0,1,0,1,0,0,0,0,0,1,0,0
1124,1159,0,0,1,0,0,0,0,0,0,0,0,0,0,0,0,0
1126,2951,0,0,0,0,0,0,0,0,0,0,0,0,0,1,0,0
1128,2951,0,0,0,0,0,0,0,0,0,0,0,0,0,1,0,0
1130,940,0,0,0,0,0,0,0,0,0,0,0,0,0,1,0,0
1131,2200,0,1,0,0,0,0,0,0,0,0,0,0,0,0,0,0
1132,940,0,0,0,0,0,0,0,0,0,0,0,0,0,1,0,0
1137,760,0,0,0,1,0,0,0,1,0,0,1,0,0,0,0,0
1140,2926,0,0,0,1,0,0,0,1,0,0,0,0,0,1,0,0
1143,2926,0,0,0,1,0,0,0,1,0,0,0,0,0,1,0,0
1148,2368,0,0,0,0,1,0,0,1,0,0,0,0,0,1,0,0
1162,779,0,0,1,0,0,0,0,0,0,0,0,0,0,0,0,0
1164,3269,0,0,0,0,0,0,0,0,0,0,0,0,0,1,0,0
1164,3270,0,0,0,0,0,0,0,0,0,0,0,0,0,1,0,0
1165,3270,0,0,0,0,0,0,0,0,0,0,0,0,0,1,0,0
1167,2715,0,0,0,1,0,0,1,0,0,0,0,0,0,0,0,1
1169,2271,0,1,0,0,0,0,0,0,0,0,0,0,0,0,0,0
1171,2715,0,0,0,1,0,0,1,0,0,0,0,0,0,0,0,1
1178,2368,0,0,0,0,1,0,0,1,0,0,1,0,0,0,0,0
1185,1082,0,0,0,1,0,0,1,0,0,0,0,1,0,0,0,0
1186,2579,0,0,0,0,1,0,0,1,0,0,1,0,0,0,0,0
1187,2612,0,0,0,0,0,0,0,0,0,0,0,0,0,1,0,0
1187,2613,0,0,0,0,0,0,0,0,0,0,0,0,0,1,0,0
1187,3275,0,0,0,0,0,1,0,0,1,0,0,0,0,1,0,0
1188,2612,0,0,0,0,0,0,0,0,0,0,0,0,0,1,0,0
1188,2613,0,0,0,0,0,1,0,0,1,0,1,0,0,0,0,0
1188,3275,0,0,0,0,0,1,0,0,1,0,0,0,0,1,0,0
1191,872,0,1,0,0,0,0,0,0,0,0,0,0,0,0,0,0
1192,967,0,0,0,0,1,0,0,1,0,0,1,0,0,0,0,0
1193,1021,0,1,0,0,0,0,0,0,0,0,0,0,0,0,0,0
1194,749,0,0,0,0,0,1,0,0,1,0,0,0,0,1,0,0
1194,751,0,0,0,0,0,1,0,0,1,0,1,0,0,0,0,0
1195,949,0,0,0,0,1,0,0,1,0,0,1,0,0,0,0,0
1198,1083,0,0,0,1,0,0,0,0,1,0,1,0,0,0,0,0
1198,2394,0,0,1,0,0,0,0,0,0,0,0,0,0,0,0,0
1199,2614,0,0,0,0,1,0,1,0,0,0,0,1,0,0,0,0
1199,2624,0,0,0,0,0,1,0,0,1,0,1,0,0,0,0,0
1203,741,0,0,0,0,0,1,0,0,1,0,0,0,0,1,0,0
1203,742,0,0,0,0,0,1,0,0,1,0,0,0,0,1,0,0
1203,751,0,0,0,0,1,0,0,1,0,0,0,0,0,1,0,0
1203,2918,0,1,0,0,0,0,0,0,0,0,0,0,0,0,0,0
1204,741,0,0,0,0,0,1,0,0,1,0,0,0,0,1,0,0
1204,742,0,0,0,0,0,1,0,0,1,0,0,0,0,1,0,0
1205,739,0,0,0,0,1,0,0,1,0,0,0,0,0,1,0,0
1207,1204,0,0,0,0,1,0,0,1,0,0,1,0,0,0,0,0
1207,2624,0,0,0,0,0,1,0,0,1,0,1,0,0,0,0,0
1208,2642,0,0,0,0,1,0,0,1,0,0,1,0,0,0,0,0
1217,1190,0,0,0,0,1,0,0,1,0,0,1,0,0,0,0,0
1231,998,0,0,0,1,0,0,0,1,0,0,1,0,0,0,0,0
1232,1015,0,0,0,1,0,0,0,1,0,0,1,0,0,0,0,0
1233,1407,0,0,0,1,0,0,0,1,0,0,0,0,0,1,0,0
1233,2597,0,0,0,1,0,0,0,1,0,0,1,0,0,0,0,0
1233,2606,0,0,0,1,0,0,0,1,0,0,1,0,0,0,0,0
1236,711,0,0,1,0,0,0,0,0,0,0,0,0,0,0,0,0
1236,1016,0,0,0,1,0,0,0,1,0,0,0,0,0,1,0,0
1240,1270,0,0,1,0,0,0,0,0,0,0,0,0,0,0,0,0
1240,1407,0,0,0,1,0,0,0,1,0,0,0,0,0,1,0,0
1250,2327,0,0,1,0,0,0,0,0,0,0,0,0,0,0,0,0
1272,1080,0,0,1,0,0,0,0,0,0,0,0,0,0,0,0,0
1276,451,0,0,1,0,0,0,0,0,0,0,0,0,0,0,0,0
1285,1016,0,0,1,0,0,0,0,0,0,0,0,0,0,0,0,0
1297,3267,0,0,1,0,0,0,0,0,0,0,0,0,0,0,0,0
1310,1465,0,0,0,1,0,0,0,0,1,0,0,0,0,1,0,1
1310,1481,0,0,0,1,0,0,1,0,0,0,0,0,0,0,0,1
1317,1054,0,1,0,0,0,0,0,0,0,0,0,0,0,0,0,0
1337,3184,0,1,0,0,0,0,0,0,0,0,0,0,0,0,0,0
1337,3231,0,1,0,0,0,0,0,0,0,0,0,0,0,0,0,0
1359,2773,0,0,1,0,0,0,0,0,0,0,0,0,0,0,0,0
1371,2033,0,0,1,0,0,0,0,0,0,0,0,0,0,0,0,0
1382,497,0,0,0,1,0,0,0,0,1,0,0,0,0,1,0,1
1382,508,0,0,0,1,0,0,1,0,0,0,0,0,0,0,0,1
1398,559,0,0,1,0,0,0,0,0,0,0,0,0,0,0,0,0
1405,1138,0,0,1,0,0,0,0,0,0,0,0,0,0,0,0,0
1414,1086,0,0,0,0,1,0,0,1,0,0,0,0,0,1,0,0
1414,1105,0,0,0,0,1,0,0,1,0,0,0,0,0,1,0,0
1422,1028,0,0,0,0,1,0,0,1,0,0,1,0,0,0,0,0
1422,1049,0,0,0,0,1,0,0,1,0,0,1,0,0,0,0,0
1426,1616,0,0,0,1,0,0,1,0,0,0,0,1,0,0,0,0
1438,1612,0,0,0,1,0,0,0,0,1,0,0,0,0,1,0,1
1440,1328,0,0,0,1,0,0,0,1,0,0,1,0,0,0,0,0
1445,2557,0,0,1,0,0,0,0,0,0,0,0,0,0,0,0,0
1447,1325,0,0,0,0,0,1,0,0,1,0,0,0,0,1,0,0
1451,1612,0,0,0,1,0,0,1,0,0,0,0,0,0,0,0,1
1458,1478,0,1,0,0,0,0,0,0,0,0,0,0,0,0,0,0
1461,1313,0,0,0,0,1,0,0,1,0,0,1,0,0,0,0,0
1464,548,0,1,0,0,0,0,0,0,0,0,0,0,0,0,0,0
1465,1975,0,0,0,1,0,0,0,0,1,0,0,0,0,1,0,1
1471,1970,0,0,0,1,0,0,1,0,0,0,0,0,0,0,0,1
1474,1403,0,0,1,0,0,0,0,0,0,0,0,0,0,0,0,0
1493,2497,0,0,0,0,0,0,0,0,0,0,0,0,0,1,0,0
1493,2498,0,0,0,0,0,0,0,0,0,0,0,0,0,1,0,0
1493,2499,0,0,0,0,0,0,0,0,0,0,0,0,0,1,0,0
1494,2497,0,0,0,0,0,0,0,0,0,0,0,0,0,1,0,0
1494,2498,0,0,0,0,0,0,0,0,0,0,0,0,0,1,0,0
1494,2499,0,0,0,0,0,0,0,0,0,0,0,0,0,1,0,0
1499,1102,0,1,0,0,0,0,0,0,0,0,0,0,0,0,0,0
1510,1176,0,0,1,0,0,0,0,0,0,0,0,0,0,0,0,0
1537,1768,0,0,0,1,0,0,0,1,0,0,0,0,0,1,0,0
1537,1786,0,0,0,1,0,0,0,1,0,0,0,0,0,1,0,0
1538,1789,0,0,0,1,0,0,0,1,0,0,0,0,0,1,0,0
1552,3137,0,0,1,0,0,0,0,0,0,0,0,0,0,0,0,0
1561,1066,0,0,0,1,0,0,0,1,0,0,0,0,0,1,0,0
1564,1178,0,1,0,0,0,0,0,0,0,0,0,0,0,0,0,0
1573,1066,0,0,0,1,0,0,0,1,0,0,0,0,0,1,0,0
1577,1218,0,0,1,0,0,0,0,0,0,0,0,0,0,0,0,0
1580,2041,0,0,1,0,0,0,0,0,0,0,0,0,0,0,0,0
1580,2320,0,1,0,0,0,0,0,0,0,0,0,0,0,0,0,0
1603,2745,0,1,0,0,0,0,0,0,0,0,0,0,0,0,0,0
1605,2000,0,0,0,1,0,0,1,0,0,0,0,1,0,0,0,0
1605,2004,0,0,0,1,0,0,1,0,0,0,0,0,0,0,1,0
1610,1904,0,1,0,0,0,0,0,0,0,0,0,0,0,0,0,0
1610,2636,0,1,0,0,0,0,0,0,0,0,0,0,0,0,0,0
1611,1994,0,0,0,0,0,1,0,0,1,0,0,0,0,1,0,0
1613,2299,0,0,0,1,0,0,1,0,0,0,0,0,0,0,0,1
1623,693,0,1,0,0,0,0,0,0,0,0,0,0,0,0,0,0
1624,2299,0,0,0,1,0,0,1,0,0,0,0,0,0,0,0,1
1639,2044,0,1,0,0,0,0,0,0,0,0,0,0,0,0,0,0
1642,1989,0,0,0,0,1,0,0,1,0,0,1,0,0,0,0,0
1651,2342,0,0,0,1,0,0,1,0,0,0,0,0,0,0,0,1
1651,2345,0,0,0,1,0,0,1,0,0,0,0,0,0,0,0,1
1655,1590,0,1,0,0,0,0,0,0,0,0,0,0,0,0,0,0
1657,1240,0,1,0,0,0,0,0,0,0,0,0,0,0,0,0,0
1678,1916,0,0,0,1,0,0,1,0,0,0,0,0,0,0,0,1
1678,1920,0,0,0,1,0,0,1,0,0,0,0,0,0,0,0,1
1683,2294,0,1,0,0,0,0,0,0,0,0,0,0,0,0,0,0
1696,2716,0,1,0,0,0,0,0,0,0,0,0,0,0,0,0,0
1699,2395,0,1,0,0,0,0,0,0,0,0,0,0,0,0,0,0
1713,2075,0,1,0,0,0,0,0,0,0,0,0,0,0,0,0,0
1717,2837,0,1,0,0,0,0,0,0,0,0,0,0,0,0,0,0
1748,2244,0,1,0,0,0,0,0,0,0,0,0,0,0,0,0,0
1751,1555,0,1,0,0,0,0,0,0,0,0,0,0,0,0,0,0
1753,1172,0,0,0,1,0,0,1,0,0,0,0,0,0,0,0,1
1755,1602,0,1,0,0,0,0,0,0,0,0,0,0,0,0,0,0
1757,1377,0,0,0,0,1,0,0,1,0,0,0,0,0,1,0,0
1757,1408,0,0,0,0,1,0,0,1,0,0,1,0,0,0,0,0
1765,1172,0,0,0,1,0,0,1,0,0,0,0,0,0,0,0,1
1776,1648,0,0,0,1,0,0,1,0,0,0,0,0,0,0,1,0
1776,1657,0,0,0,1,0,0,1,0,0,0,0,0,0,0,1,0
1787,836,0,1,0,0,0,0,0,0,0,0,0,0,0,0,0,0
1792,1785,0,0,0,0,1,0,0,1,0,0,1,0,0,0,0,0
1793,597,0,1,0,0,0,0,0,0,0,0,0,0,0,0,0,0
1802,1803,0,0,0,0,1,0,0,1,0,0,1,0,0,0,0,0
1805,3093,0,0,1,0,0,0,0,0,0,0,0,0,0,0,0,0
1842,1102,0,1,0,0,0,0,0,0,0,0,0,0,0,0,0,0
1843,1871,0,0,1,0,0,0,0,0,0,0,0,0,0,0,0,0
1843,2689,0,0,0,1,0,0,0,1,0,0,0,0,0,1,0,0
1845,1919,0,1,0,0,0,0,0,0,0,0,0,0,0,0,0,0
1848,2689,0,0,0,0,0,1,0,0,1,0,0,0,0,1,0,0
1849,2715,0,0,0,0,1,0,0,1,0,0,1,0,0,0,0,0
1854,1264,0,1,0,0,0,0,0,0,0,0,0,0,0,0,0,0
1865,2778,0,0,0,0,1,0,0,1,0,0,1,0,0,0,0,0
1865,2813,0,0,0,0,1,0,0,1,0,0,1,0,0,0,0,0
1873,1357,0,0,0,0,1,0,0,1,0,0,0,0,0,1,0,0
1878,3094,0,1,0,0,0,0,0,0,0,0,0,0,0,0,0,0
1891,1362,0,0,0,0,1,0,0,1,0,0,0,0,0,1,0,0
1896,2233,0,0,1,0,0,0,0,0,0,0,0,0,0,0,0,0
1939,2929,0,0,1,0,0,0,0,0,0,0,0,0,0,0,0,0
1998,1636,0,0,1,0,0,0,0,0,0,0,0,0,0,0,0,0
2001,1542,0,0,0,0,1,0,0,1,0,0,1,0,0,0,0,0
2009,1475,0,0,0,1,0,0,0,1,0,0,1,0,0,0,0,0
2009,1487,0,0,0,0,0,1,0,0,1,0,0,0,0,1,0,0
2010,1514,0,0,0,0,1,0,0,1,0,0,0,0,0,1,0,0
2025,1689,0,0,1,0,0,0,0,0,0,0,0,0,0,0,0,0
2029,902,0,0,0,1,0,0,0,0,1,0,0,0,0,1,0,1
2034,1986,0,1,0,0,0,0,0,0,0,0,0,0,0,0,0,0
2036,904,0,0,0,1,0,0,1,0,0,0,0,0,0,0,0,1
2048,947,0,1,0,0,0,0,0,0,0,0,0,0,0,0,0,0
2064,2446,0,1,0,0,0,0,0,0,0,0,0,0,0,0,0,0
2100,929,0,1,0,0,0,0,0,0,0,0,0,0,0,0,0,0
2108,2991,0,0,0,1,0,0,1,0,0,0,0,0,0,0,0,1
2120,2991,0,0,0,1,0,0,1,0,0,0,0,0,0,0,0,1
2132,898,0,1,0,0,0,0,0,0,0,0,0,0,0,0,0,0
2135,2189,0,0,0,0,1,0,0,1,0,0,0,0,0,1,0,0
2138,1677,0,0,0,1,0,0,1,0,0,0,0,0,0,0,0,1
2141,1677,0,0,0,1,0,0,1,0,0,0,0,0,0,0,0,1
2147,980,0,0,0,1,0,0,1,0,0,0,0,0,0,0,0,1
2147,990,0,0,0,1,0,0,1,0,0,0,0,0,0,0,0,1
2149,2694,0,1,0,0,0,0,0,0,0,0,0,0,0,0,0,0
2156,2738,0,0,0,0,1,0,0,1,0,0,1,0,0,0,0,0
2156,2769,0,0,0,0,1,0,0,1,0,0,1,0,0,0,0,0
2160,2317,0,1,0,0,0,0,0,0,0,0,0,0,0,0,0,0
2161,1720,0,0,0,1,0,0,1,0,0,0,0,0,0,0,0,1
2161,1724,0,0,0,1,0,0,1,0,0,0,0,0,0,0,0,1
2161,2189,0,0,0,0,0,1,0,0,1,0,1,0,0,0,0,0
2161,2401,0,0,0,0,1,0,0,1,0,0,1,0,0,0,0,0
2162,2928,0,1,0,0,0,0,0,0,0,0,0,0,0,0,0,0
2165,2612,0,1,0,0,0,0,0,0,0,0,0,0,0,0,0,0
2166,2434,0,0,0,0,0,1,0,0,1,0,0,0,0,1,0,0
2167,2183,0,0,0,0,0,1,0,0,1,0,0,0,0,1,0,0
2169,849,0,0,0,0,1,0,0,1,0,0,0,0,0,1,0,0
2169,2183,0,0,0,0,0,0,0,0,0,0,0,0,0,1,0,0
2171,2434,0,0,0,1,0,0,1,0,0,0,0,0,0,0,1,0
2176,1076,0,0,0,0,0,0,0,0,0,0,0,0,0,1,0,0
2176,1078,0,0,0,0,0,0,0,0,0,0,0,0,0,1,0,0
2188,1754,0,0,0,0,1,0,0,1,0,0,0,0,0,1,0,0
2191,849,0,0,0,0,1,0,0,1,0,0,0,0,0,1,0,0
2191,1533,0,1,0,0,0,0,0,0,0,0,0,0,0,0,0,0
2192,1773,0,0,0,0,1,0,0,1,0,0,1,0,0,0,0,0
2192,1805,0,0,0,0,1,0,0,1,0,0,1,0,0,0,0,0
2208,1814,0,0,0,0,1,0,0,1,0,0,0,0,0,1,0,0
2208,1865,0,0,0,1,0,0,1,0,0,0,0,0,0,0,1,0
2223,1868,0,0,0,1,0,0,1,0,0,0,0,0,0,0,1,0
2223,1927,0,1,0,0,0,0,0,0,0,0,0,0,0,0,0,0
2230,2346,0,1,0,0,0,0,0,0,0,0,0,0,0,0,0,0
2235,814,0,1,0,0,0,0,0,0,0,0,0,0,0,0,0,0
2235,2410,0,1,0,0,0,0,0,0,0,0,0,0,0,0,0,0
2251,775,0,1,0,0,0,0,0,0,0,0,0,0,0,0,0,0
2276,1618,0,0,0,0,1,0,0,1,0,0,0,0,0,1,0,0
2277,2769,0,1,0,0,0,0,0,0,0,0,0,0,0,0,0,0
2289,1624,0,0,0,0,0,1,0,0,1,0,0,0,0,1,0,0
2298,1624,0,0,0,1,0,0,0,1,0,0,1,0,0,0,0,0
2298,2514,0,0,1,0,0,0,0,0,0,0,0,0,0,0,0,0
