5,2353,0,1,0,0,0,0,0,0,0,0,0,0,0,0,0,0
14,2687,0,1,0,0,0,0,0,0,0,0,0,0,0,0,0,0
20,2271,0,1,0,0,0,0,0,0,0,0,0,0,0,0,0,0
44,1377,0,1,0,0,0,0,0,0,0,0,0,0,0,0,0,0
49,2136,0,1,0,0,0,0,0,0,0,0,0,0,0,0,0,0
54,2033,0,1,0,0,0,0,0,0,0,0,0,0,0,0,0,0
60,2699,0,1,0,0,0,0,0,0,0,0,0,0,0,0,0,0
66,1434,0,0,0,1,0,0,1,0,0,0,0,0,0,0,0,1
69,1434,0,0,0,1,0,0,1,0,0,0,0,0,0,0,0,1
75,1062,0,0,0,0,0,0,0,0,0,0,0,0,1,0,0,0
75,1063,0,0,0,0,0,0,0,0,0,0,0,0,1,0,0,0
75,1064,0,0,0,0,0,0,0,0,0,0,0,0,1,0,0,0
76,1062,0,0,0,0,0,0,0,0,0,0,0,0,1,0,0,0
76,1063,0,0,0,0,0,0,0,0,0,0,0,0,1,0,0,0
76,1064,0,0,0,0,0,0,0,0,0,0,0,0,1,0,0,0
80,1784,0,0,1,0,0,0,0,0,0,0,0,0,0,0,0,0
107,1344,0,0,1,0,0,0,0,0,0,0,0,0,0,0,0,0
116,1480,0,0,1,0,0,0,0,0,0,0,0,0,0,0,0,0
125,2613,0,0,1,0,0,0,0,0,0,0,0,0,0,0,0,0
138,1958,0,0,1,0,0,0,0,0,0,0,0,0,0,0,0,0
144,602,0,0,0,1,0,0,0,0,1,0,0,0,0,1,0,0
144,613,0,0,0,1,0,0,1,0,0,0,0,0,0,0,1,0
149,1280,0,1,0,0,0,0,0,0,0,0,0,0,0,0,0,0
150,1155,0,1,0,0,0,0,0,0,0,0,0,0,0,0,0,0
155,2384,0,1,0,0,0,0,0,0,0,0,0,0,0,0,0,0
175,2497,0,1,0,0,0,0,0,0,0,0,0,0,0,0,0,0
175,2679,0,0,0,0,1,0,0,1,0,0,1,0,0,0,0,0
176,1492,0,1,0,0,0,0,0,0,0,0,0,0,0,0,0,0
182,1713,0,1,0,0,0,0,0,0,0,0,0,0,0,0,0,0
192,498,0,1,0,0,0,0,0,0,0,0,0,0,0,0,0,0
193,2685,0,0,0,0,1,0,0,1,0,0,1,0,0,0,0,0
194,2133,0,1,0,0,0,0,0,0,0,0,0,0,0,0,0,0
211,1842,0,1,0,0,0,0,0,0,0,0,0,0,0,0,0,0
221,1340,0,1,0,0,0,0,0,0,0,0,0,0,0,0,0,0
227,2172,0,0,0,1,0,0,1,0,0,0,0,1,0,0,0,0
227,2180,0,0,0,0,0,1,0,0,1,0,1,0,0,0,0,0
236,2878,0,1,0,0,0,0,0,0,0,0,0,0,0,0,0,0
239,2188,0,0,0,0,1,0,0,1,0,0,1,0,0,0,0,0
248,1155,0,0,0,0,1,0,0,1,0,0,1,0,0,0,0,0
249,1653,0,1,0,0,0,0,0,0,0,0,0,0,0,0,0,0
252,962,0,1,0,0,0,0,0,0,0,0,0,0,0,0,0,0
258,2026,0,1,0,0,0,0,0,0,0,0,0,0,0,0,0,0
263,1172,0,0,0,0,1,0,0,1,0,0,1,0,0,0,0,0
279,454,0,0,0,0,1,0,0,1,0,0,1,0,0,0,0,0
279,474,0,0,0,0,1,0,0,1,0,0,1,0,0,0,0,0
300,1371,0,1,0,0,0,0,0,0,0,0,0,0,0,0,0,0
305,2988,0,0,0,1,0,0,1,0,0,0,0,0,0,0,0,1
318,2988,0,0,0,1,0,0,1,0,0,0,0,0,0,0,0,1
319,1172,0,1,0,0,0,0,0,0,0,0,0,0,0,0,0,0
324,2298,0,1,0,0,0,0,0,0,0,0,0,0,0,0,0,0
325,2402,0,0,0,1,0,0,1,0,0,0,0,0,0,0,1,0
325,2406,0,0,0,1,0,0,1,0,0,0,0,1,0,0,0,0
327,2084,0,1,0,0,0,0,0,0,0,0,0,0,0,0,0,0
327,2895,0,1,0,0,0,0,0,0,0,0,0,0,0,0,0,0
332,571,0,0,0,0,0,0,0,0,0,0,0,0,1,0,0,0
332,2190,0,0,0,1,0,0,1,0,0,0,0,0,0,0,0,1
332,2196,0,0,0,0,0,1,0,0,1,0,0,0,0,1,0,1
333,571,0,0,0,0,0,1,0,0,0,0,0,0,1,0,0,0
335,573,0,0,0,0,0,1,0,0,0,0,0,0,1,0,0,0
336,574,0,0,0,0,0,1,0,0,0,0,0,0,1,0,0,0
336,1791,0,1,0,0,0,0,0,0,0,0,0,0,0,0,0,0
337,2401,0,0,0,1,0,0,1,0,0,0,0,1,0,0,0,0
338,576,0,0,0,0,1,0,0,0,0,0,0,0,1,0,0,0
340,578,0,0,0,0,1,0,0,0,0,0,0,0,1,0,0,0
344,2858,0,1,0,0,0,0,0,0,0,0,0,0,0,0,0,0
351,2196,0,0,0,0,1,0,0,1,0,0,1,0,0,0,0,0
352,2510,0,0,1,0,0,0,0,0,0,0,0,0,0,0,0,0
352,2599,0,1,0,0,0,0,0,0,0,0,0,0,0,0,0,0
361,2698,0,0,0,0,0,0,0,0,0,0,0,0,0,1,0,0
363,2698,0,0,0,0,0,0,0,0,0,0,0,0,0,1,0,0
367,2084,0,0,1,0,0,0,0,0,0,0,0,0,0,0,0,0
368,1818,0,0,1,0,0,0,0,0,0,0,0,0,0,0,0,0
371,1721,0,1,0,0,0,0,0,0,0,0,0,0,0,0,0,0
376,636,0,0,0,0,0,0,0,0,0,1,0,0,0,0,0,0
386,2795,0,0,0,0,1,0,0,1,0,0,1,0,0,0,0,0
386,2817,0,0,0,0,1,0,0,1,0,0,1,0,0,0,0,0
388,685,0,0,0,0,0,0,0,0,0,1,0,0,0,0,0,0
394,962,0,0,1,0,0,0,0,0,0,0,0,0,0,0,0,0
394,1589,0,1,0,0,0,0,0,0,0,0,0,0,0,0,0,0
402,2506,0,1,0,0,0,0,0,0,0,0,0,0,0,0,0,0
412,2165,0,1,0,0,0,0,0,0,0,0,0,0,0,0,0,0
416,628,0,0,0,0,0,0,0,0,0,0,0,0,1,0,0,0
430,3091,0,1,0,0,0,0,0,0,0,0,0,0,0,0,0,0
432,752,0,0,0,0,1,0,0,1,0,0,1,0,0,0,0,0
443,2791,0,1,0,0,0,0,0,0,0,0,0,0,0,0,0,0
444,1336,0,1,0,0,0,0,0,0,0,0,0,0,0,0,0,0
449,1587,0,1,0,0,0,0,0,0,0,0,0,0,0,0,0,0
462,2275,0,1,0,1,0,0,0,0,0,0,0,0,0,0,0,0
465,628,0,0,1,0,0,0,0,0,0,0,0,0,0,0,0,0
465,2272,0,0,0,1,0,0,0,0,0,1,0,0,0,0,0,0
466,750,0,0,0,0,1,0,0,1,0,0,1,0,0,0,0,0
466,2093,0,1,0,0,0,0,0,0,0,0,0,0,0,0,0,0
468,1549,0,1,0,0,0,0,0,0,0,0,0,0,0,0,0,0
468,1992,0,0,0,1,0,0,1,0,0,0,0,0,0,0,0,1
473,1169,0,1,0,0,0,0,0,0,0,0,0,0,0,0,0,0
474,1990,0,0,0,1,0,0,1,0,0,0,0,0,0,0,0,1
476,1867,0,1,0,0,0,0,0,0,0,0,0,0,0,0,0,0
478,2424,0,1,0,0,0,0,0,0,0,0,0,0,0,0,0,0
482,2480,0,0,0,1,0,0,1,0,0,0,0,0,0,0,0,1
482,2488,0,0,0,1,0,0,1,0,0,0,0,0,0,0,0,1
496,2551,0,1,0,0,0,0,0,0,0,0,0,0,0,0,0,0
505,652,0,1,0,0,0,0,0,0,0,0,0,0,0,0,0,0
508,2641,0,1,0,0,0,0,0,0,0,0,0,0,0,0,0,0
511,2268,0,0,0,0,1,0,0,0,0,1,0,0,0,0,0,0
516,2254,0,0,0,0,0,1,0,0,0,0,0,0,1,0,0,0
518,3079,0,0,0,0,1,0,0,1,0,0,1,0,0,0,0,0
519,398,0,1,0,0,0,0,0,0,0,0,0,0,0,0,0,0
520,2254,0,0,0,1,0,0,0,0,0,0,0,0,1,0,0,0
525,3049,0,0,0,1,0,0,1,0,0,0,0,0,0,0,0,1
525,3062,0,0,0,0,0,1,0,0,1,0,0,0,0,1,0,1
526,1108,0,1,0,0,0,0,0,0,0,0,0,0,0,0,0,0
529,1475,0,0,0,0,1,0,0,0,0,0,0,0,1,0,0,0
529,1491,0,0,0,0,0,1,0,0,0,1,0,0,0,0,0,0
529,1516,0,0,0,0,0,1,0,0,0,1,0,0,0,0,0,0
533,1519,0,0,0,0,0,1,0,0,0,0,0,0,1,0,0,0
533,1552,0,0,0,0,1,0,0,0,0,0,0,0,1,0,0,0
533,2207,0,0,0,0,0,0,0,0,0,1,0,0,0,0,0,0
552,1499,0,0,0,0,0,1,0,0,0,0,0,0,1,0,0,0
552,1501,0,0,0,0,0,0,0,0,0,0,0,0,1,0,0,0
553,3015,0,1,0,0,0,0,0,0,0,0,0,0,0,0,0,0
556,1355,0,1,0,0,0,0,0,0,0,0,0,0,0,0,0,0
559,1497,0,0,0,0,1,0,0,0,0,0,0,0,1,0,0,0
573,2180,0,1,0,0,0,0,0,0,0,0,0,0,0,0,0,0
580,2453,0,0,0,0,1,0,0,1,0,0,1,0,0,0,0,0
584,962,0,1,0,0,0,0,0,0,0,0,0,0,0,0,0,0
592,1814,0,1,0,0,0,0,0,0,0,0,0,0,0,0,0,0
595,1856,0,0,0,1,0,0,1,0,0,0,0,0,0,0,0,1
596,2121,0,0,0,1,0,0,1,0,0,0,0,0,0,0,0,1
598,2882,0,0,0,1,0,0,1,0,0,0,0,0,0,0,0,1
601,2454,0,0,0,0,1,0,0,1,0,0,1,0,0,0,0,0
603,2882,0,0,0,1,0,0,1,0,0,0,0,0,0,0,0,1
610,1856,0,0,0,1,0,0,1,0,0,0,0,0,0,0,0,1
610,2118,0,0,0,1,0,0,1,0,0,0,0,0,0,0,0,1
616,2824,0,1,0,0,0,0,0,0,0,0,0,0,0,0,0,0
619,1921,0,1,0,0,0,0,0,0,0,0,0,0,0,0,0,0
620,1289,0,1,0,0,0,0,0,0,0,0,0,0,0,0,0,0
621,435,0,1,0,0,0,0,0,0,0,0,0,0,0,0,0,0
637,813,0,1,0,0,0,0,0,0,0,0,0,0,0,0,0,0
645,1543,0,1,0,0,0,0,0,0,0,0,0,0,0,0,0,0
647,3067,0,0,1,0,0,0,0,0,0,0,0,0,0,0,0,0
650,760,0,0,0,1,0,0,0,1,0,0,0,0,0,1,0,0
650,769,0,0,0,1,0,0,0,1,0,0,0,0,0,1,0,0
652,1331,0,0,0,1,0,0,0,1,0,0,0,0,0,1,0,0
652,1336,0,0,0,1,0,0,0,1,0,0,0,0,0,1,0,0
663,723,0,1,0,0,0,0,0,0,0,0,0,0,0,0,0,0
666,2897,0,0,1,0,0,0,0,0,0,0,0,0,0,0,0,0
668,1220,0,0,0,1,0,0,0,1,0,0,0,0,0,1,0,0
671,1853,0,1,0,0,0,0,0,0,0,0,0,0,0,0,0,0
672,2024,0,1,0,0,0,0,0,0,0,0,0,0,0,0,0,0
673,1220,0,0,0,1,0,0,0,1,0,0,0,0,0,1,0,0
677,3276,0,1,0,0,0,0,0,0,0,0,0,0,0,0,0,0
679,2731,0,1,0,0,0,0,0,0,0,0,0,0,0,0,0,0
680,2295,0,1,0,0,0,0,0,0,0,0,0,0,0,0,0,0
691,3058,0,1,0,0,0,0,0,0,0,0,0,0,0,0,0,0
698,3296,0,1,0,0,0,0,0,0,0,0,0,0,0,0,0,0
699,2143,0,0,0,1,0,0,0,0,0,0,0,0,1,0,0,0
703,2143,0,0,0,1,0,0,0,0,0,0,0,0,1,0,0,0
705,2602,0,1,0,0,0,0,0,0,0,0,0,0,0,0,0,0
709,2045,0,1,0,0,0,0,0,0,0,0,0,0,0,0,0,0
713,2137,0,0,0,0,0,1,0,0,0,0,0,0,1,0,0,0
713,2897,0,1,0,0,0,0,0,0,0,0,0,0,0,0,0,0
718,884,0,0,0,0,1,0,0,1,0,0,0,0,0,1,0,0
725,2137,0,0,0,1,0,0,0,0,0,0,0,0,1,0,0,0
727,1663,0,1,0,0,0,0,0,0,0,0,0,0,0,0,0,0
728,1258,0,0,0,1,0,0,1,0,0,0,0,0,0,0,0,1
728,1262,0,0,0,1,0,0,1,0,0,0,0,0,0,0,0,1
729,2193,0,0,0,0,1,0,0,0,0,0,0,0,1,0,0,0
734,2577,0,1,0,0,0,0,0,0,0,0,0,0,0,0,0,0
736,2493,0,0,0,0,1,0,0,1,0,0,0,0,0,1,0,0
742,1896,0,1,0,0,0,0,0,0,0,0,0,0,0,0,0,0
742,2217,0,0,0,0,0,1,0,0,0,0,0,0,1,0,0,0
742,2229,0,0,0,0,1,0,0,0,0,1,0,0,0,0,0,0
748,886,0,0,0,0,1,0,0,1,0,0,0,0,0,1,0,0
751,2486,0,0,0,0,1,0,0,1,0,0,0,0,0,1,0,0
756,3070,0,0,0,0,1,0,0,1,0,0,1,0,0,0,0,0
759,308,0,1,0,0,0,0,0,0,0,0,0,0,0,0,0,0
775,1730,0,1,0,0,0,0,0,0,0,0,0,0,0,0,0,0
775,2367,0,1,0,0,0,0,0,0,0,0,0,0,0,0,0,0
776,2289,0,0,0,0,1,0,0,0,0,1,0,0,0,0,0,0
776,2292,0,0,0,0,1,0,0,0,0,0,0,0,1,0,0,0
780,2289,0,0,0,0,1,0,0,0,0,0,0,0,1,0,0,0
784,3078,0,0,0,0,1,0,0,1,0,0,1,0,0,0,0,0
787,2854,0,1,0,0,0,0,0,0,0,0,0,0,0,0,0,0
788,886,0,1,0,0,0,0,0,0,0,0,0,0,0,0,0,0
791,466,0,1,0,0,0,0,0,0,0,0,0,0,0,0,0,0
791,2288,0,0,0,0,1,0,0,0,0,1,0,0,0,0,0,0
792,944,0,1,0,0,0,0,0,0,0,0,0,0,0,0,0,0
792,2945,0,1,0,0,0,0,0,0,0,0,0,0,0,0,0,0
798,1387,0,1,0,0,0,0,0,0,0,0,0,0,0,0,0,0
805,1896,0,0,0,0,1,0,0,1,0,0,1,0,0,0,0,0
808,2224,0,0,0,0,1,0,0,0,0,1,0,0,0,0,0,0
809,244,0,0,0,1,0,0,1,0,0,0,0,0,0,0,0,1
809,250,0,0,0,1,0,0,1,0,0,0,0,0,0,0,0,1
809,1850,0,1,0,0,0,0,0,0,0,0,0,0,0,0,0,0
812,2030,0,0,0,1,0,0,1,0,0,0,0,0,0,0,0,1
819,2030,0,0,0,1,0,0,1,0,0,0,0,0,0,0,0,1
820,2236,0,0,0,0,0,1,0,0,0,0,0,0,1,0,0,0
820,2242,0,0,0,0,1,0,0,0,0,0,0,0,1,0,0,0
821,204,0,1,0,0,0,0,0,0,0,0,0,0,0,0,0,0
825,696,0,1,0,0,0,0,0,0,0,0,0,0,0,0,0,0
826,1085,0,1,0,0,0,0,0,0,0,0,0,0,0,0,0,0
828,1903,0,0,0,0,1,0,0,1,0,0,1,0,0,0,0,0
830,570,0,1,0,0,0,0,0,0,0,0,0,0,0,0,0,0
835,2194,0,1,0,0,0,0,0,0,0,0,0,0,0,0,0,0
838,3195,0,1,0,0,0,0,0,0,0,0,0,0,0,0,0,0
851,1026,1,0,0,0,0,0,0,0,0,0,0,0,0,0,0,0
851,1041,1,0,0,0,0,0,0,0,0,0,0,0,0,0,0,0
855,1749,0,1,0,0,0,0,0,0,0,0,0,0,0,0,0,0
855,2829,0,1,0,0,0,0,0,0,0,0,0,0,0,0,0,0
871,1612,0,1,0,0,0,0,0,0,0,0,0,0,0,0,0,0
872,2663,0,0,1,0,0,0,0,0,0,0,0,0,0,0,0,0
889,2292,0,1,0,0,0,0,0,0,0,0,0,0,0,0,0,0
901,402,0,1,0,0,0,0,0,0,0,0,0,0,0,0,0,0
901,736,0,0,0,0,1,0,0,1,0,0,1,0,0,0,0,0
902,530,0,0,0,1,0,0,1,0,0,0,0,0,0,0,0,1
904,686,0,0,0,0,1,0,0,1,0,0,0,0,0,1,0,0
904,718,0,0,0,0,1,0,0,1,0,0,0,0,0,1,0,0
907,530,0,0,0,1,0,0,1,0,0,0,0,0,0,0,0,1
911,949,1,0,0,0,0,0,0,0,0,0,0,0,0,0,0,0
911,1520,0,0,0,0,1,0,0,1,0,0,1,0,0,0,0,0
912,3048,0,1,0,0,0,0,0,0,0,0,0,0,0,0,0,0
913,1552,0,0,0,0,1,0,0,1,0,0,1,0,0,0,0,0
913,1593,0,1,0,0,0,0,0,0,0,0,0,0,0,0,0,0
915,2682,0,0,0,1,0,0,0,1,0,0,0,0,0,1,0,0
915,2690,0,0,0,1,0,0,0,1,0,0,0,0,0,1,0,0
920,1304,0,0,1,0,0,0,0,0,0,0,0,0,0,0,0,0
925,1370,0,1,0,0,0,0,0,0,0,0,0,0,0,0,0,0
929,2295,0,1,0,0,0,0,0,0,0,0,0,0,0,0,0,0
938,975,1,0,0,0,0,0,0,0,0,0,0,0,0,0,0,0
940,975,1,0,0,0,0,0,0,0,0,0,0,0,0,0,0,0
951,2158,0,1,0,0,0,0,0,0,0,0,0,0,0,0,0,0
951,3093,0,1,0,0,0,0,0,0,0,0,0,0,0,0,0,0
952,2033,0,0,0,1,0,0,0,0,0,1,0,0,0,0,0,0
955,349,0,0,1,0,0,0,0,0,0,0,0,0,0,0,0,0
956,1131,1,0,0,0,0,0,0,0,0,0,0,0,0,0,0,0
956,2033,0,0,0,0,0,1,0,0,0,1,0,0,0,0,0,0
959,1130,1,0,0,0,0,0,0,0,0,0,0,0,0,0,0,0
963,1468,0,0,0,0,0,0,0,0,0,0,0,0,0,1,0,0
963,1469,0,0,0,0,0,0,0,0,0,0,0,0,0,1,0,0
965,2435,0,0,0,1,0,0,1,0,0,0,0,1,0,0,0,0
967,762,0,1,0,0,0,0,0,0,0,0,0,0,0,0,0,0
967,864,1,0,0,0,0,0,0,0,0,0,0,0,0,0,0,0
967,892,1,0,0,0,0,0,0,0,0,0,0,0,0,0,0,0
968,896,1,0,0,0,0,0,0,0,0,0,0,0,0,0,0,0
968,1276,1,0,0,0,0,0,0,0,0,0,0,0,0,0,0,0
968,2449,0,0,0,1,0,0,0,0,1,0,1,0,0,0,0,0
977,2007,0,0,0,0,0,0,0,0,0,0,0,0,1,0,0,0
979,2007,0,0,0,0,0,0,0,0,0,0,0,0,1,0,0,0
982,2408,0,1,0,0,0,0,0,0,0,0,0,0,0,0,0,0
983,2282,0,1,0,0,0,0,0,0,0,0,0,0,0,0,0,0
988,1637,0,0,0,0,0,0,0,0,0,1,0,0,0,0,0,0
989,968,1,0,0,0,0,0,0,0,0,0,0,0,0,0,0,0
989,1195,1,0,0,0,0,0,0,0,0,0,0,0,0,0,0,0
989,1204,1,0,0,0,0,0,0,0,0,0,0,0,0,0,0,0
992,264,0,1,0,0,0,0,0,0,0,0,0,0,0,0,0,0
992,955,1,0,0,0,0,0,0,0,0,0,0,0,0,0,0,0
994,1708,0,0,0,0,0,0,0,0,0,1,0,0,0,0,0,0
997,1669,0,0,0,0,1,0,0,0,0,1,0,0,0,0,0,0
999,1742,0,1,0,0,0,0,0,0,0,0,0,0,0,0,0,0
1002,1970,0,0,0,0,0,0,0,0,0,1,0,0,0,0,0,0
1003,1792,0,1,0,0,0,0,0,0,0,0,0,0,0,0,0,0
1003,2053,0,0,0,0,0,0,0,0,0,0,0,0,1,0,0,0
1012,2783,0,0,0,1,0,0,0,1,0,0,0,0,0,1,0,0
1014,1673,0,0,0,0,1,0,0,0,0,1,0,0,0,0,0,0
1018,2783,0,0,0,0,0,1,0,0,1,0,0,0,0,1,0,0
1024,2227,0,1,0,0,0,0,0,0,0,0,0,0,0,0,0,0
1025,1568,0,0,0,0,0,0,0,0,0,1,0,0,0,0,0,0
1025,2810,0,0,0,0,1,0,0,1,0,0,1,0,0,0,0,0
1026,2294,0,1,0,0,0,0,0,0,0,0,0,0,0,0,0,0
1040,2146,0,1,0,0,0,0,0,0,0,0,0,0,0,0,0,0
1050,1174,1,0,0,0,0,0,0,0,0,0,0,0,0,0,0,0
1053,2830,0,1,0,0,0,0,0,0,0,0,0,0,0,0,0,0
1059,3113,0,0,0,1,0,0,0,0,0,0,0,0,1,0,0,0
1060,3124,0,0,0,0,0,1,0,0,0,0,0,0,1,0,0,0
1060,3161,0,0,0,0,1,0,0,0,0,1,0,0,0,0,0,0
1062,3001,0,1,0,0,0,0,0,0,0,0,0,0,0,0,0,0
1065,2627,0,1,0,0,0,0,0,0,0,0,0,0,0,0,0,0
1066,2736,0,1,0,0,0,0,0,0,0,0,0,0,0,0,0,0
1084,947,1,0,0,0,0,0,0,0,0,0,0,0,0,0,0,0
1089,3131,0,0,0,0,1,0,0,0,0,1,0,0,0,0,0,0
1090,1868,0,1,0,0,0,0,0,0,0,0,0,0,0,0,0,0
1093,2188,0,0,0,1,0,0,1,0,0,0,0,0,0,0,1,0
1096,2046,0,1,0,0,0,0,0,0,0,0,0,0,0,0,0,0
1097,2188,0,0,0,0,0,1,0,0,1,0,0,0,0,1,0,0
1104,2173,0,0,0,0,1,0,0,1,0,0,1,0,0,0,0,0
1105,780,0,1,0,0,0,0,0,0,0,0,0,0,0,0,0,0
1108,1008,1,0,0,0,0,0,0,0,0,0,0,0,0,0,0,0
1109,2728,0,0,0,1,0,0,1,0,0,0,0,0,0,0,0,1
1111,3289,0,0,0,0,1,0,0,1,0,0,0,0,0,1,0,0
1113,914,1,0,0,0,0,0,0,0,0,0,0,0,0,0,0,0
1113,943,1,0,0,0,0,0,0,0,0,0,0,0,0,0,0,0
1114,2493,0,1,0,0,0,0,0,0,0,0,0,0,0,0,0,0
1117,3304,0,0,0,0,1,0,0,1,0,0,1,0,0,0,0,0
1119,2305,0,1,0,0,0,0,0,0,0,0,0,0,0,0,0,0
1125,2368,0,1,0,0,0,0,0,0,0,0,0,0,0,0,0,0
1125,2728,0,0,0,1,0,0,1,0,0,0,0,0,0,0,0,1
1125,3164,0,0,0,0,1,0,0,0,0,1,0,0,0,0,0,0
1129,3036,0,0,0,1,0,0,1,0,0,0,0,0,0,0,0,1
1133,3036,0,0,0,0,0,1,0,0,1,0,0,0,0,1,0,1
1133,3181,0,0,0,0,1,0,0,0,0,1,0,0,0,0,0,0
1142,1886,0,1,0,0,0,0,0,0,0,0,0,0,0,0,0,0
1145,750,0,0,0,1,0,0,1,0,0,0,0,0,0,0,1,0
1145,758,0,0,0,1,0,0,1,0,0,0,0,0,0,0,1,0
1152,3044,0,0,0,0,1,0,0,1,0,0,1,0,0,0,0,0
1159,2721,0,1,0,0,0,0,0,0,0,0,0,0,0,0,0,0
1163,990,1,0,0,0,0,0,0,0,0,0,0,0,0,0,0,0
1172,2503,0,0,0,1,0,0,0,0,0,1,0,0,0,0,0,0
1172,2514,0,0,0,1,0,0,0,0,0,1,0,0,0,0,0,0
1178,2155,0,1,0,0,0,0,0,0,0,0,0,0,0,0,0,0
1180,964,1,0,0,0,0,0,0,0,0,0,0,0,0,0,0,0
1182,793,0,1,0,0,0,0,0,0,0,0,0,0,0,0,0,0
1185,1156,1,0,0,0,0,0,0,0,0,0,0,0,0,0,0,0
1189,964,1,0,0,0,0,0,0,0,0,0,0,0,0,0,0,0
1196,1311,0,1,0,0,0,0,0,0,0,0,0,0,0,0,0,0
1198,1554,0,0,1,0,0,0,0,0,0,0,0,0,0,0,0,0
1202,1062,1,0,0,0,0,0,0,0,0,0,0,0,0,0,0,0
1203,2200,0,1,0,0,0,0,0,0,0,0,0,0,0,0,0,0
1203,2702,0,1,0,0,0,0,0,0,0,0,0,0,0,0,0,0
1204,2540,0,0,0,0,0,0,0,0,0,1,0,0,0,0,0,0
1206,3209,0,1,0,0,0,0,0,0,0,0,0,0,0,0,0,0
1214,323,0,0,0,1,0,0,1,0,0,0,0,0,0,0,0,1
1214,2830,0,1,0,0,0,0,0,0,0,0,0,0,0,0,0,0
1217,2435,0,0,0,0,0,1,0,0,0,0,0,0,1,0,0,0
1217,2440,0,0,0,1,0,0,0,0,0,0,0,0,1,0,0,0
1218,323,0,0,0,1,0,0,0,0,1,0,0,0,0,1,0,1
1220,191,0,0,0,0,1,0,0,1,0,0,1,0,0,0,0,0
1220,210,0,0,0,0,1,0,0,1,0,0,1,0,0,0,0,0
1225,1661,0,1,0,0,0,0,0,0,0,0,0,0,0,0,0,0
1226,2412,0,1,0,0,1,0,0,0,0,0,0,0,0,0,0,0
1232,949,1,0,0,0,0,0,0,0,0,0,0,0,0,0,0,0
1232,3278,0,1,0,0,0,0,0,0,0,0,0,0,0,0,0,0
1242,3139,0,1,0,0,0,0,0,0,0,0,0,0,0,0,0,0
1248,2718,0,1,0,0,0,0,0,0,0,0,0,0,0,0,0,0
1260,3181,0,0,0,1,0,0,1,0,0,0,0,0,0,0,0,1
1260,3186,0,0,0,1,0,0,1,0,0,0,0,0,0,0,0,1
1272,2273,0,0,0,0,1,0,0,1,0,0,1,0,0,0,0,0
1295,2287,0,0,0,0,1,0,0,1,0,0,1,0,0,0,0,0
1297,2565,0,0,0,0,1,0,0,1,0,0,1,0,0,0,0,0
1301,1559,0,1,0,0,0,0,0,0,0,0,0,0,0,0,0,0
1304,3343,0,1,0,0,0,0,0,0,0,0,0,0,0,0,0,0
1308,581,0,1,0,0,0,0,0,0,0,0,0,0,0,0,0,0
1308,652,0,1,0,0,0,0,0,0,0,0,0,0,0,0,0,0
1312,2559,0,0,0,0,1,0,0,1,0,0,1,0,0,0,0,0
1317,1128,0,1,0,0,0,0,0,0,0,0,0,0,0,0,0,0
1318,3175,0,0,0,0,1,0,0,1,0,0,1,0,0,0,0,0
1319,3153,0,0,0,0,1,0,0,1,0,0,1,0,0,0,0,0
1332,2319,0,1,0,0,0,0,0,0,0,0,0,0,0,0,0,0
1333,1530,0,1,0,0,0,0,0,0,0,0,0,0,0,0,0,0
1337,3145,0,0,0,0,1,0,0,1,0,0,1,0,0,0,0,0
1344,961,0,0,0,1,0,0,1,0,0,0,0,0,0,0,1,0
1345,951,0,0,0,1,0,0,1,0,0,0,0,1,0,0,0,0
1345,963,0,0,0,1,0,0,1,0,0,0,0,0,0,0,1,0
1359,2775,0,0,0,1,0,0,0,0,1,0,1,0,0,0,0,0
1365,1699,0,1,0,0,0,0,0,0,0,0,0,0,0,0,0,0
1365,2783,0,0,0,1,0,0,1,0,0,0,0,1,0,0,0,0
1370,2834,0,1,0,0,0,0,0,0,0,0,0,0,0,0,0,0
1384,3144,0,0,0,0,1,0,0,1,0,0,1,0,0,0,0,0
1391,3159,0,0,0,0,1,0,0,1,0,0,1,0,0,0,0,0
1392,2865,0,1,0,0,0,0,0,0,0,0,0,0,0,0,0,0
1396,949,0,0,0,0,1,0,0,1,0,0,1,0,0,0,0,0
1401,917,0,0,0,0,1,0,0,1,0,0,0,0,0,1,0,0
1412,1096,0,0,0,1,0,0,0,0,0,1,0,0,0,0,0,0
1412,1174,0,0,0,0,1,0,0,0,0,0,0,0,1,0,0,0
1412,1316,0,1,0,0,0,0,0,0,0,0,0,0,0,0,0,0
1412,2914,0,0,0,0,1,0,0,1,0,0,1,0,0,0,0,0
1413,1140,0,0,0,0,1,0,0,0,0,1,0,0,0,0,0,0
1413,1192,0,0,0,0,1,0,0,0,0,0,0,0,1,0,0,0
1413,2946,0,0,0,0,1,0,0,1,0,0,1,0,0,0,0,0
1417,1784,0,1,0,0,0,0,0,0,0,0,0,0,0,0,0,0
1418,909,0,0,0,0,1,0,0,1,0,0,0,0,0,1,0,0
1419,1095,0,0,0,1,0,0,0,0,0,0,0,0,1,0,0,0
1425,1505,0,1,0,0,0,0,0,0,0,0,0,0,0,0,0,0
1430,442,0,1,0,0,0,0,0,0,0,0,0,0,0,0,0,0
1439,828,0,1,0,0,0,0,0,0,0,0,0,0,0,0,0,0
1452,1544,0,0,0,1,0,0,1,0,0,0,0,0,0,0,0,1
1456,1544,0,0,0,1,0,0,1,0,0,0,0,0,0,0,0,1
1466,2496,0,1,0,0,0,0,0,0,0,0,0,0,0,0,0,0
1470,2121,0,1,0,0,0,0,0,0,0,0,0,0,0,0,0,0
1472,330,0,1,0,0,0,0,0,0,0,0,0,0,0,0,0,0
1478,3278,0,1,0,0,0,0,0,0,0,0,0,0,0,0,0,0
1479,1602,0,1,0,0,0,0,0,0,0,0,0,0,0,0,0,0
1486,2896,0,1,0,0,0,0,0,0,0,0,0,0,0,0,0,0
1487,2039,0,1,0,0,0,0,0,0,0,0,0,0,0,0,0,0
1488,2959,0,1,0,0,0,0,0,0,0,0,0,0,0,0,0,0
1488,3007,0,0,0,1,0,0,1,0,0,0,0,1,0,0,0,0
1493,2731,0,1,0,0,0,0,0,0,0,0,0,0,0,0,0,0
1498,1302,0,1,0,0,0,0,0,0,0,0,0,0,0,0,0,0
1499,2527,0,0,0,1,0,0,1,0,0,0,0,1,0,0,0,0
1501,3118,0,1,0,0,0,0,0,0,0,0,0,0,0,0,0,0
1503,3007,0,0,0,1,0,0,1,0,0,0,0,1,0,0,0,0
1506,2527,0,0,0,1,0,0,1,0,0,0,0,1,0,0,0,0
1515,2299,0,1,0,0,0,0,0,0,0,0,0,0,0,0,0,0
1516,1900,0,1,0,0,0,0,0,0,0,0,0,0,0,0,0,0
1520,2882,0,1,0,0,0,0,0,0,0,0,0,0,0,0,0,0
1523,687,0,0,0,0,1,0,0,1,0,0,1,0,0,0,0,0
1533,897,0,1,0,0,0,0,0,0,0,0,0,0,0,0,0,0
1534,1405,0,1,0,0,0,0,0,0,0,0,0,0,0,0,0,0
1535,2655,0,1,0,0,0,0,0,0,0,0,0,0,0,0,0,0
1539,257,0,0,0,0,1,0,0,1,0,0,1,0,0,0,0,0
1541,237,0,0,0,0,0,1,0,0,1,0,0,0,0,1,0,1
1546,629,0,1,0,0,0,0,0,0,0,0,0,0,0,0,0,0
1546,680,0,0,0,0,1,0,0,1,0,0,1,0,0,0,0,0
1546,1477,0,1,0,0,0,0,0,0,0,0,0,0,0,0,0,0
1546,1625,0,0,0,1,0,0,1,0,0,0,0,0,0,0,0,1
1546,1643,0,0,0,1,0,0,1,0,0,0,0,0,0,0,0,1
1548,236,0,0,0,1,0,0,1,0,0,0,0,0,0,0,0,1
1569,1501,0,1,0,0,0,0,0,0,0,0,0,0,0,0,0,0
1569,3222,0,1,0,0,0,0,0,0,0,0,0,0,0,0,0,0
1579,1292,0,1,0,0,0,0,0,0,0,0,0,0,0,0,0,0
1587,3169,0,1,0,0,0,0,0,0,0,0,0,0,0,0,0,0
1593,528,0,0,0,1,0,0,1,0,0,0,0,0,0,0,0,1
1598,1170,0,1,0,0,0,0,0,0,0,0,0,0,0,0,0,0
1602,789,0,1,0,0,0,0,0,0,0,0,0,0,0,0,0,0
1606,528,0,0,0,1,0,0,1,0,0,0,0,0,0,0,0,1
1608,713,0,0,0,0,0,0,0,0,0,0,0,0,0,1,0,0
1608,715,0,0,0,0,0,0,0,0,0,0,0,0,0,1,0,0
1609,1517,0,0,0,1,0,0,1,0,0,0,0,0,0,0,1,0
1612,1517,0,0,0,0,0,1,0,0,1,0,1,0,0,0,0,0
1619,2042,0,1,0,0,0,0,0,0,0,0,0,0,0,0,0,0
1628,2641,0,1,0,0,0,0,0,0,0,0,0,0,0,0,0,0
1629,1727,0,1,0,0,0,0,0,0,0,0,0,0,0,0,0,0
1630,3150,0,1,0,0,0,0,0,0,0,0,0,0,0,0,0,0
1635,1856,0,0,0,1,0,0,0,0,0,0,0,0,1,0,0,0
1636,2410,0,0,0,1,0,0,1,0,0,0,0,0,0,0,0,1
1636,2419,0,0,0,1,0,0,1,0,0,0,0,0,0,0,0,1
1640,1511,0,0,0,0,1,0,0,1,0,0,1,0,0,0,0,0
1640,1862,0,0,0,1,0,0,0,0,0,0,0,0,1,0,0,0
1644,3006,0,1,0,0,0,0,0,0,0,0,0,0,0,0,0,0
1650,1806,0,0,0,0,0,0,0,0,0,1,0,0,0,0,0,0
1650,2886,0,0,0,1,0,0,1,0,0,0,0,1,0,0,0,0
1651,1860,0,0,0,0,0,1,0,0,0,1,0,0,0,0,0,0
1653,2876,0,0,0,1,0,0,1,0,0,0,0,1,0,0,0,0
1654,415,0,1,0,0,0,0,0,0,0,0,0,0,0,0,0,0
1654,757,0,0,0,1,0,0,1,0,0,0,0,0,0,0,0,1
1654,762,0,0,0,1,0,0,1,0,0,0,0,0,0,0,0,1
1659,1212,0,1,0,0,0,0,0,0,0,0,0,0,0,0,0,0
1661,1861,0,0,0,1,0,0,0,0,0,0,0,0,1,0,0,0
1675,2640,0,1,0,0,0,0,0,0,0,0,0,0,0,0,0,0
1685,2207,0,0,0,0,1,0,0,0,0,1,0,0,0,0,0,0
1687,3001,0,0,0,1,0,0,1,0,0,0,0,1,0,0,0,0
1689,2128,0,0,0,0,1,0,0,1,0,0,1,0,0,0,0,0
1691,1466,0,1,0,0,0,0,0,0,0,0,0,0,0,0,0,0
1694,2207,0,0,0,0,0,1,0,0,0,1,0,0,0,0,0,0
1697,1278,0,1,0,0,0,0,0,0,0,0,0,0,0,0,0,0
1699,3001,0,0,0,1,0,0,1,0,0,0,0,1,0,0,0,0
1702,1989,0,0,0,0,1,0,0,1,0,0,1,0,0,0,0,0
1703,2016,0,0,0,0,0,1,0,0,1,0,0,0,0,1,0,0
1704,2517,0,1,0,0,0,0,0,0,0,0,0,0,0,0,0,0
1707,2016,0,0,0,0,0,1,0,0,1,0,0,0,0,1,0,0
1709,2262,0,0,0,0,1,0,0,0,0,0,0,0,1,0,0,0
1715,2039,0,0,0,0,1,0,0,1,0,0,1,0,0,0,0,0
1717,263,0,0,0,0,1,0,0,1,0,0,0,0,0,1,0,0
1717,2115,0,0,0,1,0,0,1,0,0,0,0,1,0,0,0,0
1717,2127,0,0,0,0,0,1,0,0,1,0,1,0,0,0,0,0
1717,2261,0,0,0,0,1,0,0,0,0,1,0,0,0,0,0,0
1719,2208,0,0,0,0,0,0,0,0,0,0,0,0,1,0,0,0
1719,2209,0,0,0,0,0,0,0,0,0,0,0,0,1,0,0,0
1720,2208,0,0,0,0,0,1,0,0,0,0,0,0,1,0,0,0
1720,2209,0,0,0,0,0,0,0,0,0,1,0,0,0,0,0,0
1722,282,0,0,0,0,1,0,0,1,0,0,1,0,0,0,0,0
1722,320,0,0,0,0,1,0,0,1,0,0,1,0,0,0,0,0
1722,2202,0,0,0,0,1,0,0,0,0,0,0,0,1,0,0,0
1725,1320,0,1,0,0,0,0,0,0,0,0,0,0,0,0,0,0
1726,2306,0,0,0,0,0,0,0,0,0,1,0,0,0,0,0,0
1726,2347,0,1,0,0,0,0,0,0,0,0,0,0,0,0,0,0
1749,514,0,1,0,0,0,0,0,0,0,0,0,0,0,0,0,0
1758,1073,0,0,0,1,0,0,1,0,0,0,0,1,0,0,0,0
1758,1088,0,0,0,1,0,0,1,0,0,0,0,1,0,0,0,0
1759,978,0,1,0,0,0,0,0,0,0,0,0,0,0,0,0,0
1762,2514,0,0,0,1,0,0,1,0,0,0,0,1,0,0,0,0
1767,540,0,1,0,0,0,0,0,0,0,0,0,0,0,0,0,0
1773,2502,0,0,0,1,0,0,1,0,0,0,0,0,0,0,0,1
1773,2509,0,0,0,1,0,0,1,0,0,0,0,0,0,0,0,1
1788,1167,0,0,0,1,0,0,1,0,0,0,0,0,0,0,0,1
1788,1171,0,0,0,1,0,0,1,0,0,0,0,0,0,0,0,1
1788,1365,0,1,0,0,0,0,0,0,0,0,0,0,0,0,0,0
1791,1675,0,1,0,0,0,0,0,0,0,0,0,0,0,0,0,0
1798,2697,0,0,0,0,0,0,0,0,0,1,0,0,0,0,0,0
1809,1400,0,1,0,0,0,0,0,0,0,0,0,0,0,0,0,0
1817,1921,0,1,0,0,0,0,0,0,0,0,0,0,0,0,0,0
1828,1155,0,1,0,0,0,0,0,0,0,0,0,0,0,0,0,0
1834,2766,0,0,0,0,0,1,0,0,0,0,0,0,1,0,0,0
1834,2767,0,0,0,0,0,0,0,0,0,0,0,0,1,0,0,0
1834,3155,0,1,0,0,0,0,0,0,0,0,0,0,0,0,0,0
1835,2766,0,0,0,0,0,1,0,0,0,0,0,0,1,0,0,0
1835,2767,0,0,0,0,0,0,0,0,0,0,0,0,1,0,0,0
1836,2764,0,0,0,0,1,0,0,0,0,1,0,0,0,0,0,0
1853,790,0,1,0,0,0,0,0,0,0,0,0,0,0,0,0,0
1858,1429,0,1,0,0,0,0,0,0,0,0,0,0,0,0,0,0
1860,414,0,1,0,0,0,0,0,0,0,0,0,0,0,0,0,0
1870,2674,0,0,0,1,0,0,1,0,0,0,0,0,0,0,0,1
1871,1707,0,1,0,0,0,0,0,0,0,0,0,0,0,0,0,0
1871,3101,0,1,0,0,0,0,0,0,0,0,0,0,0,0,0,0
1878,2674,0,0,0,1,0,0,1,0,0,0,0,0,0,0,0,1
1889,2724,0,0,0,0,0,0,0,0,0,1,0,0,0,0,0,0
1890,1489,0,0,0,1,0,0,1,0,0,0,0,0,0,0,0,1
1894,2082,0,1,0,0,0,0,0,0,0,0,0,0,0,0,0,0
1898,1489,0,0,0,1,0,0,1,0,0,0,0,0,0,0,0,1
1899,2490,0,1,0,0,0,0,0,0,0,0,0,0,0,0,0,0
1901,1921,0,1,0,0,0,0,0,0,0,0,0,0,0,0,0,0
1917,1184,0,1,0,0,0,0,0,0,0,0,0,0,0,0,0,0
1934,2773,0,0,0,0,1,0,0,0,0,1,0,0,0,0,0,0
1937,2792,0,0,0,0,0,1,0,0,0,0,0,0,1,0,0,0
1937,2796,0,0,0,1,0,0,0,0,0,0,0,0,1,0,0,0
1940,2875,0,1,0,0,1,0,0,0,0,0,0,0,0,0,0,0
1944,1569,0,0,0,0,1,0,0,1,0,0,1,0,0,0,0,0
1944,1591,0,0,0,0,1,0,0,1,0,0,1,0,0,0,0,0
1944,2842,0,0,0,0,1,0,0,0,0,1,0,0,0,0,0,0
1947,998,0,1,0,0,0,0,0,0,0,0,0,0,0,0,0,0
1951,2490,0,0,0,0,1,0,0,1,0,0,1,0,0,0,0,0
1952,2511,0,0,0,0,1,0,0,1,0,0,1,0,0,0,0,0
1962,1921,0,1,0,0,0,0,0,0,0,0,0,0,0,0,0,0
1972,2370,0,1,0,0,0,0,0,0,0,0,0,0,0,0,0,0
1977,2489,0,0,0,0,0,0,0,0,0,0,0,0,0,1,0,0
1977,2491,0,0,0,0,0,0,0,0,0,0,1,0,0,0,0,0
1985,1848,0,1,0,0,0,0,0,0,0,0,0,0,0,0,0,0
1987,1710,0,0,0,1,0,0,1,0,0,0,0,0,0,0,1,0
1991,1065,0,1,0,0,0,0,0,0,0,0,0,0,0,0,0,0
1991,1710,0,0,0,1,0,0,1,0,0,0,0,0,0,0,0,1
1991,1714,0,0,0,1,0,0,1,0,0,0,0,0,0,0,0,1
2005,881,0,0,0,1,0,0,1,0,0,0,0,0,0,0,0,1
2008,881,0,0,0,1,0,0,1,0,0,0,0,0,0,0,0,1
2021,2987,0,1,0,0,0,0,0,0,0,0,0,0,0,0,0,0
2023,2407,0,1,0,0,0,0,0,0,0,0,0,0,0,0,0,0
2025,2882,0,0,0,1,0,0,1,0,0,0,0,0,0,0,0,1
2025,2897,0,0,0,1,0,0,0,0,1,0,0,0,0,1,0,1
2029,1761,0,1,0,0,0,0,0,0,0,0,0,0,0,0,0,0
2030,2180,0,0,0,1,0,0,1,0,0,0,0,0,0,0,0,1
2032,2660,0,1,0,0,0,0,0,0,0,0,0,0,0,0,0,0
2035,2801,0,1,0,0,0,0,0,0,0,0,0,0,0,0,0,0
2036,1845,0,1,0,0,0,0,0,0,0,0,0,0,0,0,0,0
2037,2176,0,0,0,1,0,0,1,0,0,0,0,0,0,0,0,1
2052,1893,0,0,0,1,0,0,1,0,0,0,0,0,0,0,0,1
2059,1893,0,0,0,1,0,0,0,0,1,0,0,0,0,1,0,1
2063,2309,0,1,0,0,0,0,0,0,0,0,0,0,0,0,0,0
2070,800,0,1,0,0,0,0,0,0,0,0,0,0,0,0,0,0
2073,1542,0,1,0,0,0,0,0,0,0,0,0,0,0,0,0,0
2075,2606,0,0,1,0,0,0,0,0,0,0,0,0,0,0,0,0
2077,2368,0,0,0,1,0,0,0,0,0,0,0,0,1,0,0,0
2077,2380,0,0,0,1,0,0,0,0,0,0,0,0,1,0,0,0
2077,2907,0,1,0,0,0,0,0,0,0,0,0,0,0,0,0,0
2103,511,0,1,0,0,0,0,0,0,0,0,0,0,0,0,0,0
2109,2003,0,1,0,0,0,0,0,0,0,0,0,0,0,0,0,0
2111,2335,0,0,0,0,1,0,0,0,0,0,0,0,1,0,0,0
2117,600,0,1,0,0,0,0,0,0,0,0,0,0,0,0,0,0
2118,2335,0,0,0,0,1,0,0,0,0,0,0,0,1,0,0,0
2125,2026,0,0,0,0,1,0,0,1,0,0,1,0,0,0,0,0
2129,2329,0,0,0,0,1,0,0,0,0,1,0,0,0,0,0,0
2129,2340,0,0,0,0,1,0,0,0,0,0,0,0,1,0,0,0
2131,2349,0,0,0,0,1,0,0,0,0,0,0,0,1,0,0,0
2132,2992,0,1,0,0,0,0,0,0,0,0,0,0,0,0,0,0
2141,2593,0,0,1,0,0,0,0,0,0,0,0,0,0,0,0,0
2143,2859,0,1,0,0,0,0,0,0,0,0,0,0,0,0,0,0
2148,1279,0,0,0,0,1,0,1,0,0,0,0,1,0,0,1,0
2148,1282,0,0,0,0,1,0,1,0,0,0,0,0,0,0,1,0
2149,1274,0,0,0,0,1,0,1,0,0,0,0,0,0,0,1,0
2156,1178,0,0,1,0,0,0,0,0,0,0,0,0,0,0,0,0
2156,2274,0,0,0,0,0,0,0,0,0,1,0,0,0,0,0,0
2157,2027,0,0,0,0,0,1,0,0,1,0,0,0,0,1,0,0
2157,2042,0,0,0,1,0,0,0,1,0,0,0,0,0,1,0,0
2161,1268,0,0,0,0,1,0,0,0,1,0,1,0,0,0,0,0
2163,1836,0,0,1,0,0,0,0,0,0,0,0,0,0,0,0,0
2163,1927,0,1,0,0,0,0,0,0,0,0,0,0,0,0,0,0
2173,1745,0,0,0,0,1,0,0,1,0,0,0,0,0,1,0,0
2178,2415,0,0,1,0,0,0,0,0,0,0,0,0,0,0,0,0
2192,589,0,1,0,0,0,0,0,0,0,0,0,0,0,0,0,0
2198,1745,0,0,0,0,0,1,0,0,1,0,0,0,0,1,0,0
2200,1741,0,0,0,1,0,0,1,0,0,0,0,0,0,0,1,0
2203,1741,0,0,0,1,0,0,1,0,0,0,0,1,0,0,0,0
2205,2056,0,1,0,0,0,0,0,0,0,0,0,0,0,0,0,0
2207,1619,0,1,0,0,0,0,0,0,0,0,0,0,0,0,0,0
2216,2511,0,1,0,0,0,0,0,0,0,0,0,0,0,0,0,0
2218,2737,0,0,0,0,1,0,0,1,0,0,1,0,0,0,0,0
2225,2183,0,1,0,0,0,0,0,0,0,0,0,0,0,0,0,0
2229,1019,0,1,0,0,0,0,0,0,0,0,0,0,0,0,0,0
2230,1457,0,1,0,0,0,0,0,0,0,0,0,0,0,0,0,0
2237,1408,0,1,0,0,0,0,0,0,0,0,0,0,0,0,0,0
2238,2737,0,0,0,0,1,0,0,1,0,0,0,0,0,1,0,0
2246,2343,0,1,0,0,0,0,0,0,0,0,0,0,0,0,0,0
2249,1830,0,1,0,0,0,0,0,0,0,0,0,0,0,0,0,0
2256,685,0,0,1,0,0,0,0,0,0,0,0,0,0,0,0,0
2268,2799,0,0,0,0,0,1,0,0,1,0,0,0,0,1,0,0
2269,2799,0,0,0,0,0,1,0,0,1,0,0,0,0,1,0,0
2278,1128,0,0,0,1,0,0,1,0,0,0,0,0,0,0,0,1
2282,1128,0,0,0,1,0,0,0,0,1,0,0,0,0,1,0,1
2290,2318,0,0,0,0,1,0,0,1,0,0,0,0,0,1,0,0
2292,1710,0,1,0,0,0,0,0,0,0,0,0,0,0,0,0,0
2318,2311,0,0,0,0,1,0,0,1,0,0,1,0,0,0,0,0
