40,1107,0,1,0,0,0,0,0,0,0,0,0,0,0,0,0,0
40,1154,0,1,0,0,0,0,0,0,0,0,0,0,0,0,0,0
47,1500,0,1,0,0,0,0,0,0,0,0,0,0,0,0,0,0
52,2586,0,0,0,1,0,0,1,0,0,0,0,1,0,0,0,0
55,1193,0,1,0,0,0,0,0,0,0,0,0,0,0,0,0,0
60,2588,0,0,0,1,0,0,1,0,0,0,0,1,0,0,0,0
77,2350,0,1,0,0,0,0,0,0,0,0,0,0,0,0,0,0
90,1020,0,1,0,0,0,0,0,0,0,0,0,0,0,0,0,0
93,1361,0,0,0,0,1,0,0,0,0,0,0,0,1,0,0,0
105,1512,0,1,0,0,0,0,0,0,0,0,0,0,0,0,0,0
107,1385,0,0,0,0,0,1,0,0,0,0,0,0,1,0,0,0
110,1570,0,1,0,0,0,0,0,0,0,0,0,0,0,0,0,0
111,1687,0,1,0,0,0,0,0,0,0,0,0,0,0,0,0,0
121,1385,0,0,0,0,1,0,0,0,0,1,0,0,0,0,0,0
123,1386,0,0,0,0,1,0,0,0,0,0,0,0,1,0,0,0
124,1383,0,0,0,0,0,1,0,0,0,0,0,0,1,0,0,0
126,1383,0,0,0,0,0,0,0,0,0,1,0,0,0,0,0,0
132,2909,0,1,0,0,0,0,0,0,0,0,0,0,0,0,0,0
136,901,0,1,0,0,0,0,0,0,0,0,0,0,0,0,0,0
147,806,0,0,1,0,0,0,0,0,0,0,0,0,0,0,0,0
152,1838,0,0,1,0,0,0,0,0,0,0,0,0,0,0,0,0
155,2469,0,1,0,0,0,0,0,0,0,0,0,0,0,0,0,0
174,2749,0,0,0,0,1,0,0,1,0,0,1,0,0,0,0,0
177,2207,0,1,0,0,0,0,0,0,0,0,0,0,0,0,0,0
179,1034,0,1,0,0,0,0,0,0,0,0,0,0,0,0,0,0
181,1413,0,0,0,1,0,0,1,0,0,0,0,0,0,0,1,0
186,2768,0,0,0,0,1,0,0,1,0,0,1,0,0,0,0,0
188,1413,0,0,0,1,0,0,1,0,0,0,0,0,0,0,1,0
189,2049,0,0,0,1,0,0,1,0,0,0,0,0,0,0,0,1
189,2055,0,0,0,1,0,0,1,0,0,0,0,0,0,0,0,1
192,1916,0,1,0,0,0,0,0,0,0,0,0,0,0,0,0,0
226,2034,0,1,0,0,0,0,0,0,0,0,0,0,0,0,0,0
227,3085,0,0,0,1,0,0,1,0,0,0,0,0,0,0,0,1
230,3085,0,0,0,1,0,0,1,0,0,0,0,0,0,0,0,1
242,1453,0,1,0,0,0,0,0,0,0,0,0,0,0,0,0,0
246,2163,0,0,0,0,0,0,0,0,0,1,0,0,0,0,0,0
255,590,0,0,0,0,1,0,0,0,0,0,0,0,1,0,0,0
255,623,0,0,0,0,1,0,0,0,0,0,0,0,1,0,0,0
259,573,0,0,0,0,1,0,0,0,0,0,0,0,1,0,0,0
261,544,0,0,0,0,0,1,0,0,0,0,0,0,1,0,0,0
263,510,0,0,0,0,1,0,0,0,0,0,0,0,1,0,0,0
263,534,0,0,0,0,0,1,0,0,0,1,0,0,0,0,0,0
268,1433,0,0,0,1,0,0,1,0,0,0,0,0,0,0,0,1
275,1433,0,0,0,1,0,0,1,0,0,0,0,0,0,0,0,1
280,1638,0,1,0,0,0,0,0,0,0,0,0,0,0,0,0,0
281,1751,0,0,0,1,0,0,1,0,0,0,0,0,0,0,0,1
281,1759,0,0,0,1,0,0,1,0,0,0,0,0,0,0,0,1
286,2099,0,0,0,0,0,0,0,0,0,1,0,0,0,0,0,0
289,3118,0,0,0,1,0,0,1,0,0,0,0,0,0,0,0,1
290,2166,0,0,0,1,0,0,0,0,0,1,0,0,0,0,0,0
293,3118,0,0,0,1,0,0,1,0,0,0,0,0,0,0,0,1
294,528,0,0,0,0,0,0,0,0,0,0,0,0,1,0,0,0
294,728,0,1,0,0,0,0,0,0,0,0,0,0,0,0,0,0
301,2162,0,0,0,1,0,0,0,0,0,0,0,0,1,0,0,0
305,2162,0,0,0,1,0,0,0,0,0,0,0,0,1,0,0,0
306,1351,0,0,0,0,0,0,0,0,0,1,0,0,0,0,0,0
308,1726,0,1,0,0,0,0,0,0,0,0,0,0,0,0,0,0
330,935,0,0,0,1,0,0,0,1,0,0,0,0,0,1,0,0
333,1370,0,0,0,1,0,0,0,0,0,0,0,0,1,0,0,0
333,1373,0,0,0,1,0,0,0,0,0,0,0,0,1,0,0,0
339,935,0,0,0,1,0,0,1,0,0,0,0,0,0,0,1,0
339,1375,0,0,0,1,0,0,0,0,0,1,0,0,0,0,0,0
356,934,0,0,0,0,0,1,0,0,1,0,0,1,0,0,0,0
358,456,0,1,0,0,0,0,0,0,0,0,0,0,0,0,0,0
358,1084,0,1,0,0,0,0,0,0,0,0,0,0,0,0,0,0
363,2134,0,1,0,0,0,0,0,0,0,0,0,0,0,0,0,0
364,386,0,0,0,0,1,0,0,1,0,0,0,0,0,1,0,0
364,2062,0,0,0,1,0,0,1,0,0,0,0,0,0,0,1,0
364,2074,0,0,0,1,0,0,1,0,0,0,0,0,0,0,1,0
364,3091,0,1,0,0,0,0,0,0,0,0,0,0,0,0,0,0
366,949,0,0,0,0,1,0,0,1,0,0,0,0,0,1,0,0
367,1153,0,1,0,0,0,0,0,0,0,0,0,0,0,0,0,0
369,1992,0,1,0,0,0,0,0,0,0,0,0,0,0,0,0,0
374,1310,0,0,0,0,0,0,0,0,0,1,0,0,0,0,0,0
378,365,0,0,0,0,1,0,0,1,0,0,0,0,0,1,0,0
380,2413,0,1,0,0,0,0,0,0,0,0,0,0,0,0,0,0
393,2859,0,0,0,1,0,0,1,0,0,0,0,0,0,0,1,0
393,2866,0,0,0,1,0,0,1,0,0,0,0,1,0,0,0,0
393,3125,0,1,0,0,0,0,0,0,0,0,0,0,0,0,0,0
400,1923,0,1,0,0,0,0,0,0,0,0,0,0,0,0,0,0
437,3022,0,1,0,0,0,0,0,0,0,0,0,0,0,0,0,0
442,440,0,0,0,1,0,0,1,0,0,0,0,0,0,0,0,1
444,442,0,0,0,1,0,0,1,0,0,0,0,0,0,0,0,1
446,1456,0,1,0,0,0,0,0,0,0,0,0,0,0,0,0,0
451,1304,0,1,0,0,0,0,0,0,0,0,0,0,0,0,0,0
457,2867,0,1,0,0,0,0,0,0,0,0,0,0,0,0,0,0
460,2425,0,1,0,0,0,0,0,0,0,0,0,0,0,0,0,0
469,1805,0,1,0,0,0,0,0,0,0,0,0,0,0,0,0,0
482,2740,0,1,0,0,0,0,0,0,0,0,0,0,0,0,0,0
546,3224,0,1,0,0,0,0,0,0,0,0,0,0,0,0,0,0
551,1052,0,1,0,0,0,0,0,0,0,0,0,0,0,0,0,0
555,2484,0,0,0,1,0,0,1,0,0,0,0,0,0,0,0,1
555,2494,0,0,0,1,0,0,1,0,0,0,0,0,0,0,0,1
562,2252,0,0,0,0,1,0,0,0,0,0,0,0,1,0,0,0
562,3145,0,1,0,0,0,0,0,0,0,0,0,0,0,0,0,0
566,2203,0,0,0,0,1,0,0,0,0,0,0,0,1,0,0,0
566,2222,0,0,0,0,1,0,0,0,0,0,0,0,1,0,0,0
579,636,0,1,0,0,0,0,0,0,0,0,0,0,0,0,0,0
583,2683,0,0,0,1,0,0,1,0,0,0,0,0,0,0,0,1
594,936,0,1,0,0,0,0,0,0,0,0,0,0,0,0,0,0
595,2683,0,0,0,1,0,0,1,0,0,0,0,0,0,0,0,1
596,860,0,1,0,0,0,0,0,0,0,0,0,0,0,0,0,0
598,1802,0,1,0,0,0,0,0,0,0,0,0,0,0,0,0,0
600,2268,0,0,0,0,1,0,0,0,0,1,0,0,0,0,0,0
603,2036,0,0,0,0,1,0,0,1,0,0,1,0,0,0,0,0
603,2057,0,0,0,0,1,0,0,1,0,0,0,0,0,1,0,0
608,1467,0,0,0,1,0,0,1,0,0,0,0,1,0,0,0,0
610,1473,0,0,0,1,0,0,1,0,0,0,0,1,0,0,0,0
621,2259,0,0,0,0,1,0,0,0,0,0,0,0,1,0,0,0
638,421,0,1,0,0,0,0,0,0,0,0,0,0,0,0,0,0
640,1672,0,0,0,1,0,0,1,0,0,0,0,0,0,0,1,0
641,1679,0,0,0,1,0,0,1,0,0,0,0,1,0,0,0,0
648,1477,0,1,0,0,0,0,0,0,0,0,0,0,0,0,0,0
651,2550,0,1,0,0,0,0,0,0,0,0,0,0,0,0,0,0
654,2183,0,1,0,0,0,0,0,0,0,0,0,0,0,0,0,0
654,3057,0,1,0,0,0,0,0,0,0,0,0,0,0,0,0,0
664,1315,0,1,0,0,0,0,0,0,0,0,0,0,0,0,0,0
665,2766,0,1,0,0,0,0,0,0,0,0,0,0,0,0,0,0
668,2146,0,1,0,0,0,0,0,0,0,0,0,0,0,0,0,0
669,1916,0,1,0,0,0,0,0,0,0,0,0,0,0,0,0,0
683,1271,0,0,0,1,0,0,1,0,0,0,0,0,0,0,0,1
683,1276,0,0,0,1,0,0,1,0,0,0,0,0,0,0,0,1
683,2599,0,1,0,0,0,0,0,0,0,0,0,0,0,0,0,0
689,2454,0,1,0,0,0,0,0,0,0,0,0,0,0,0,0,0
690,2086,0,1,0,0,0,0,0,0,0,0,0,0,0,0,0,0
713,1855,0,1,0,0,0,0,0,0,0,0,0,0,0,0,0,0
726,2766,0,0,0,0,1,0,0,1,0,0,0,0,0,1,0,0
730,1703,0,1,0,0,0,0,0,0,0,0,0,0,0,0,0,0
730,1777,0,1,0,0,0,0,0,0,0,0,0,0,0,0,0,0
738,1601,0,0,0,1,0,0,0,0,0,0,0,0,1,0,0,0
744,800,0,1,0,0,0,0,0,0,0,0,0,0,0,0,0,0
744,2780,0,0,0,0,1,0,0,1,0,0,1,0,0,0,0,0
746,1995,0,1,0,0,0,0,0,0,0,0,0,0,0,0,0,0
747,1561,0,0,0,0,0,0,0,0,0,1,0,0,0,0,0,0
747,1600,0,0,0,1,0,0,0,0,0,0,0,0,1,0,0,0
748,3019,0,1,0,0,0,0,0,0,0,0,0,0,0,0,0,0
751,1097,0,1,0,0,0,0,0,0,0,0,0,0,0,0,0,0
755,698,0,1,0,0,0,0,0,0,0,0,0,0,0,0,0,0
762,1015,0,1,0,0,0,0,0,0,0,0,0,0,0,0,0,0
769,1542,0,0,0,1,0,0,0,0,0,1,0,0,0,0,0,0
769,2515,0,1,0,0,0,0,0,0,0,0,0,0,0,0,0,0
772,816,0,1,0,0,0,0,0,0,0,0,0,0,0,0,0,0
776,1542,0,0,0,1,0,0,0,0,0,0,0,0,1,0,0,0
788,1422,0,1,0,0,0,0,0,0,0,0,0,0,0,0,0,0
788,1595,0,0,0,0,0,0,0,0,0,1,0,0,0,0,0,0
793,2678,0,1,0,0,0,0,0,0,0,0,0,0,0,0,0,0
815,1372,0,1,0,0,0,0,0,0,0,0,0,0,0,0,0,0
822,1966,0,1,0,0,0,0,0,0,0,0,0,0,0,0,0,0
824,1741,0,0,0,0,1,0,0,1,0,0,0,0,0,1,0,0
833,1729,0,0,0,0,1,0,0,1,0,0,0,0,0,1,0,0
843,2289,0,1,0,0,0,0,0,0,0,0,0,0,0,0,0,0
846,1595,0,0,0,1,0,0,1,0,0,0,0,0,0,0,0,1
846,1609,0,0,0,1,0,0,1,0,0,0,0,0,0,0,0,1
846,1949,0,1,0,0,0,0,0,0,0,0,0,0,0,0,0,0
848,1530,0,1,0,0,0,0,0,0,0,0,0,0,0,0,0,0
854,1862,0,0,0,0,0,0,0,0,0,0,0,0,0,1,0,0
855,1272,0,1,0,0,0,0,0,0,0,0,0,0,0,0,0,0
856,1862,0,0,0,0,0,0,0,0,0,0,0,0,0,1,0,0
856,2635,0,0,0,0,1,0,0,1,0,0,0,0,0,1,0,0
857,1103,0,1,0,0,0,0,0,0,0,0,0,0,0,0,0,0
857,1883,0,0,0,0,1,0,0,1,0,0,1,0,0,0,0,0
858,2165,0,0,0,1,0,0,0,0,0,0,0,0,1,0,0,0
859,2663,0,0,0,0,0,1,0,0,1,0,0,0,0,1,0,1
859,2677,0,0,0,1,0,0,1,0,0,0,0,0,0,0,0,1
862,2165,0,0,0,0,0,1,0,0,0,0,0,0,1,0,0,0
863,2188,0,0,0,0,1,0,0,0,0,1,0,0,0,0,0,0
864,2336,0,1,0,0,0,0,0,0,0,0,0,0,0,0,0,0
866,2499,0,1,0,0,0,0,0,0,0,0,0,0,0,0,0,0
866,3194,0,1,0,0,0,0,0,0,0,0,0,0,0,0,0,0
878,1511,0,1,0,0,0,0,0,0,0,0,0,0,0,0,0,0
884,808,0,1,0,0,0,0,0,0,0,0,0,0,0,0,0,0
884,2167,0,0,0,0,0,1,0,0,0,0,0,0,1,0,0,0
889,845,0,1,0,0,0,0,0,0,0,0,0,0,0,0,0,0
890,1700,0,1,0,0,0,0,0,0,0,0,0,0,0,0,0,0
893,2167,0,0,0,0,1,0,0,0,0,1,0,0,0,0,0,0
902,1258,0,1,0,0,0,0,0,0,0,0,0,0,0,0,0,0
915,1825,0,0,0,0,0,0,0,0,0,0,0,0,0,1,0,0
916,2122,0,0,0,0,1,0,0,0,0,1,0,0,0,0,0,0
917,1825,0,0,0,0,0,0,0,0,0,0,0,0,0,1,0,0
927,1021,0,1,0,0,0,0,0,0,0,0,0,0,0,0,0,0
934,2105,0,0,0,0,1,0,0,0,0,1,0,0,0,0,0,0
939,1200,0,0,0,1,0,0,0,0,0,0,0,0,1,0,0,0
939,1209,0,0,0,1,0,0,0,0,0,0,0,0,1,0,0,0
940,762,0,0,0,0,1,0,0,0,0,0,0,0,1,0,0,0
941,756,0,0,0,0,1,0,0,0,0,0,0,0,1,0,0,0
946,756,0,0,0,0,1,0,0,0,0,1,0,0,0,0,0,0
947,762,0,0,0,0,1,0,0,0,0,0,0,0,1,0,0,0
951,1505,0,1,0,0,0,0,0,0,0,0,0,0,0,0,0,0
953,2105,0,1,0,0,1,0,0,0,0,0,0,0,0,0,0,0
953,2323,0,0,0,1,0,0,0,0,0,0,0,0,1,0,0,0
954,544,0,0,0,1,0,0,1,0,0,0,0,0,0,0,0,1
954,553,0,0,0,1,0,0,1,0,0,0,0,0,0,0,0,1
954,1385,0,1,0,0,0,0,0,0,0,0,0,0,0,0,0,0
955,768,0,0,0,0,1,0,0,0,0,0,0,0,1,0,0,0
956,1950,0,1,0,0,0,0,0,0,0,0,0,0,0,0,0,0
959,431,0,1,0,0,0,0,0,0,0,0,0,0,0,0,0,0
960,2324,0,0,0,0,1,0,0,0,0,0,0,0,1,0,0,0
968,2324,0,0,0,0,0,1,0,0,0,0,0,0,1,0,0,0
968,2331,0,0,0,0,1,0,0,0,0,1,0,0,0,0,0,0
969,2886,0,0,0,1,0,0,0,0,0,1,0,0,0,0,0,0
970,1284,0,0,0,1,0,0,0,0,0,0,0,0,1,0,0,0
971,2324,0,0,0,1,0,0,0,0,0,0,0,0,1,0,0,0
972,1088,0,0,0,1,0,0,1,0,0,0,0,1,0,0,0,0
972,2888,0,0,0,1,0,0,0,0,0,0,0,0,1,0,0,0
972,2895,0,0,0,1,0,0,0,0,0,1,0,0,0,0,0,0
973,1076,0,0,0,1,0,0,1,0,0,0,0,1,0,0,0,0
973,1284,0,0,0,0,0,1,0,0,0,0,0,0,1,0,0,0
984,1259,0,0,0,0,1,0,0,0,0,1,0,0,0,0,0,0
1002,2940,0,0,0,1,0,0,0,0,0,0,0,0,1,0,0,0
1002,2951,0,0,0,1,0,0,0,0,0,0,0,0,1,0,0,0
1008,1593,0,1,0,0,0,0,0,0,0,0,0,0,0,0,0,0
1008,2958,0,0,0,1,0,0,0,0,0,0,0,0,1,0,0,0
1012,1995,0,0,0,1,0,0,1,0,0,0,0,0,0,0,0,1
1012,2000,0,0,0,1,0,0,1,0,0,0,0,0,0,0,0,1
1019,2571,0,1,0,0,0,0,0,0,0,0,0,0,0,0,0,0
1021,3192,0,0,0,1,0,0,1,0,0,0,0,0,0,0,0,1
1021,3207,0,0,0,1,0,0,1,0,0,0,0,0,0,0,0,1
1027,958,0,0,0,1,0,0,0,0,0,0,0,0,1,0,0,0
1027,968,0,0,0,1,0,0,0,0,0,0,0,0,1,0,0,0
1028,2704,1,0,0,0,0,0,0,0,0,0,0,0,0,0,0,0
1038,1856,0,1,0,0,0,0,0,0,0,0,0,0,0,0,0,0
1038,2546,0,0,0,0,0,0,0,0,0,0,0,0,0,1,0,0
1039,2546,0,0,0,0,0,0,0,0,0,0,0,0,0,1,0,0
1039,2547,0,0,0,0,0,0,0,0,0,0,1,0,0,0,0,0
1041,2580,1,0,0,0,0,0,0,0,0,0,0,0,0,0,0,0
1041,2644,1,0,0,0,0,0,0,0,0,0,0,0,0,0,0,0
1045,1822,0,1,0,0,0,0,0,0,0,0,0,0,0,0,0,0
1045,2713,1,0,0,0,0,0,0,0,0,0,0,0,0,0,0,0
1047,2782,1,0,0,0,0,0,0,0,0,0,0,0,0,0,0,0
1052,931,0,0,0,0,0,0,0,0,0,0,0,0,1,0,0,0
1055,1971,0,1,0,0,0,0,0,0,0,0,0,0,0,0,0,0
1058,2816,1,0,0,0,0,0,0,0,0,0,0,0,0,0,0,0
1059,1549,0,0,0,1,0,0,1,0,0,0,0,0,0,0,0,1
1063,1549,0,0,0,1,0,0,1,0,0,0,0,0,0,0,0,1
1063,2013,0,1,0,0,0,0,0,0,0,0,0,0,0,0,0,0
1064,900,0,0,0,0,0,0,0,0,0,0,0,0,1,0,0,0
1064,2807,1,0,0,0,0,0,0,0,0,0,0,0,0,0,0,0
1065,2792,1,0,0,0,0,0,0,0,0,0,0,0,0,0,0,0
1067,839,0,0,0,0,0,0,0,0,0,0,0,0,1,0,0,0
1072,2788,1,0,0,0,0,0,0,0,0,0,0,0,0,0,0,0
1088,726,0,1,0,0,0,0,0,0,0,0,0,0,0,0,0,0
1097,577,0,0,0,0,0,0,0,0,0,0,1,0,0,0,0,0
1097,579,0,0,0,0,0,0,0,0,0,0,0,0,0,1,0,0
1116,1183,0,1,0,0,0,0,0,0,0,0,0,0,0,0,0,0
1118,2819,1,0,0,0,0,0,0,0,0,0,0,0,0,0,0,0
1132,428,0,1,0,0,0,0,0,0,0,0,0,0,0,0,0,0
1137,2836,1,0,0,0,0,0,0,0,0,0,0,0,0,0,0,0
1145,368,0,0,0,1,0,0,1,0,0,0,0,1,0,0,0,0
1152,359,0,0,0,1,0,0,1,0,0,0,0,1,0,0,0,0
1166,788,0,1,0,0,0,0,0,0,0,0,0,0,0,0,0,0
1175,2334,0,1,0,0,0,0,0,0,0,0,0,0,0,0,0,0
1180,2165,0,1,0,0,0,0,0,0,0,0,0,0,0,0,0,0
1182,2836,1,0,0,0,0,0,0,0,0,0,0,0,0,0,0,0
1183,2265,0,0,1,0,0,0,0,0,0,0,0,0,0,0,0,0
1191,2086,0,1,0,0,0,0,0,0,0,0,0,0,0,0,0,0
1194,2805,1,0,0,0,0,0,0,0,0,0,0,0,0,0,0,0
1213,2473,0,1,0,0,0,0,0,0,0,0,0,0,0,0,0,0
1215,2805,1,0,0,0,0,0,0,0,0,0,0,0,0,0,0,0
1219,841,0,1,0,0,0,0,0,0,0,0,0,0,0,0,0,0
1220,1575,0,1,0,0,0,0,0,0,0,0,0,0,0,0,0,0
1225,2784,1,0,0,0,0,0,0,0,0,0,0,0,0,0,0,0
1227,2783,1,0,0,0,0,0,0,0,0,0,0,0,0,0,0,0
1227,2784,1,0,0,0,0,0,0,0,0,0,0,0,0,0,0,0
1253,2698,1,0,0,0,0,0,0,0,0,0,0,0,0,0,0,0
1254,2698,1,0,0,0,0,0,0,0,0,0,0,0,0,0,0,0
1261,2695,1,0,0,0,0,0,0,0,0,0,0,0,0,0,0,0
1265,2725,1,0,0,0,0,0,0,0,0,0,0,0,0,0,0,0
1265,2748,1,0,0,0,0,0,0,0,0,0,0,0,0,0,0,0
1277,1522,0,0,0,0,1,0,0,0,0,1,0,0,0,0,0,0
1289,1345,0,1,0,0,0,0,0,0,0,0,0,0,0,0,0,0
1303,1446,0,0,0,0,1,0,0,0,0,1,0,0,0,0,0,0
1310,1522,0,0,0,0,1,0,0,0,0,1,0,0,0,0,0,0
1313,3082,0,1,0,0,0,0,0,0,0,0,0,0,0,0,0,0
1318,2882,1,0,0,0,0,0,0,0,0,0,0,0,0,0,0,0
1320,2720,1,0,0,0,0,0,0,0,0,0,0,0,0,0,0,0
1321,833,0,0,0,1,0,0,0,0,0,0,0,0,1,0,0,0
1323,1464,0,0,0,0,1,0,0,0,0,1,0,0,0,0,0,0
1329,826,0,0,0,1,0,0,0,0,0,0,0,0,1,0,0,0
1338,1362,0,1,0,0,0,0,0,0,0,0,0,0,0,0,0,0
1354,763,0,0,0,1,0,0,0,0,0,1,0,0,0,0,0,0
1356,2127,0,0,0,0,0,0,0,0,0,0,0,0,1,0,0,0
1358,2444,0,1,0,0,0,0,0,0,0,0,0,0,0,0,0,0
1365,377,0,0,0,0,0,0,0,0,0,0,0,0,1,0,0,0
1365,378,0,0,0,0,0,1,0,0,0,0,0,0,1,0,0,0
1365,638,0,0,1,0,0,0,0,0,0,0,0,0,0,0,0,0
1366,377,0,0,0,0,0,0,0,0,0,0,0,0,1,0,0,0
1366,378,0,0,0,0,0,0,0,0,0,0,0,0,1,0,0,0
1366,380,0,0,0,0,0,1,0,0,0,0,0,0,1,0,0,0
1366,761,0,0,0,1,0,0,0,0,0,0,0,0,1,0,0,0
1367,380,0,0,0,0,0,0,0,0,0,0,0,0,1,0,0,0
1367,382,0,0,0,0,0,1,0,0,0,0,0,0,1,0,0,0
1367,1489,0,0,0,1,0,0,0,0,0,0,0,0,1,0,0,0
1367,2301,0,0,1,0,0,0,0,0,0,0,0,0,0,0,0,0
1368,382,0,0,0,0,0,1,0,0,0,0,0,0,1,0,0,0
1369,384,0,0,0,0,0,1,0,0,0,0,0,0,1,0,0,0
1371,761,0,0,0,1,0,0,0,0,0,0,0,0,1,0,0,0
1373,2698,0,0,1,0,0,0,0,0,0,0,0,0,0,0,0,0
1374,1489,0,0,1,1,0,0,0,0,0,0,0,0,0,0,0,0
1380,409,0,0,0,0,1,0,0,0,0,0,0,0,1,0,0,0
1381,2359,0,0,0,1,0,0,1,0,0,0,0,0,0,0,1,0
1382,815,0,0,0,0,0,0,0,0,0,1,0,0,0,0,0,0
1383,2570,0,1,0,0,0,0,0,0,0,0,0,0,0,0,0,0
1384,2370,0,0,0,1,0,0,1,0,0,0,0,0,0,0,1,0
1389,2060,0,0,0,0,1,0,0,0,0,1,0,0,0,0,0,0
1393,1216,0,0,0,0,0,0,0,0,0,0,0,0,1,0,0,0
1393,1217,0,0,0,0,0,0,0,0,0,0,0,0,1,0,0,0
1393,2154,0,0,0,0,1,0,0,1,0,0,1,0,0,0,0,0
1394,1216,0,0,0,0,0,1,0,0,0,0,0,0,1,0,0,0
1394,1217,0,0,0,0,0,1,0,0,0,0,0,0,1,0,0,0
1396,1218,0,0,0,0,1,0,0,0,0,1,0,0,0,0,0,0
1397,2017,0,0,0,0,1,0,0,0,0,0,0,0,1,0,0,0
1398,1087,0,0,0,1,0,0,1,0,0,0,0,0,0,0,0,1
1403,1087,0,0,0,1,0,0,1,0,0,0,0,0,0,0,0,1
1410,574,0,0,1,0,0,0,0,0,0,0,0,0,0,0,0,0
1410,2033,0,0,0,0,0,1,0,0,0,1,0,0,0,0,0,0
1414,2025,0,0,0,0,0,1,0,0,0,1,0,0,0,0,0,0
1414,2033,0,0,0,0,0,1,0,0,0,0,0,0,1,0,0,0
1420,2154,0,0,0,0,1,0,0,1,0,0,1,0,0,0,0,0
1421,2059,0,0,0,0,1,0,0,0,0,1,0,0,0,0,0,0
1426,2640,0,0,0,1,0,0,1,0,0,0,0,0,0,0,1,0
1426,2649,0,0,0,1,0,0,0,0,1,0,1,0,0,0,0,0
1450,970,0,0,0,0,0,1,0,0,0,0,0,0,1,0,0,0
1450,972,0,0,0,0,0,1,0,0,0,0,0,0,1,0,0,0
1450,988,0,0,0,0,0,1,0,0,0,1,0,0,0,0,0,0
1452,972,0,0,0,0,0,1,0,0,0,0,0,0,1,0,0,0
1457,2170,0,0,1,0,0,0,0,0,0,0,0,0,0,0,0,0
1459,1089,0,0,1,0,0,0,0,0,0,0,0,0,0,0,0,0
1459,2893,0,0,0,1,0,0,1,0,0,0,0,0,0,0,0,1
1459,2901,0,0,0,1,0,0,1,0,0,0,0,0,0,0,0,1
1460,2242,0,1,0,0,0,0,0,0,0,0,0,0,0,0,0,0
1460,2396,0,1,0,0,0,0,0,0,0,0,0,0,0,0,0,0
1461,1007,0,0,0,0,0,1,0,0,0,1,0,0,0,0,0,0
1463,1160,0,1,0,0,0,0,0,0,0,0,0,0,0,0,0,0
1463,1221,0,0,0,1,0,0,1,0,0,0,0,0,0,0,0,1
1464,2014,0,1,0,0,0,0,0,0,0,0,0,0,0,0,0,0
1464,2827,0,0,0,1,0,0,1,0,0,0,0,0,0,0,0,1
1464,2842,0,0,0,1,0,0,1,0,0,0,0,0,0,0,0,1
1466,1004,0,0,0,0,0,1,0,0,0,0,0,0,1,0,0,0
1466,1007,0,0,0,0,1,0,0,0,0,0,0,0,1,0,0,0
1466,1228,0,0,0,0,0,1,0,0,1,0,0,0,0,1,0,1
1466,1250,0,0,0,0,1,0,0,1,0,0,1,0,0,0,0,0
1480,1655,0,1,0,0,0,0,0,0,0,0,0,0,0,0,0,0
1483,2048,0,0,0,1,0,0,1,0,0,0,0,0,0,0,0,1
1483,2057,0,0,0,1,0,0,1,0,0,0,0,0,0,0,0,1
1490,994,0,0,0,0,1,0,0,0,0,1,0,0,0,0,0,0
1500,1391,0,0,0,0,1,0,0,1,0,0,0,0,0,1,0,0
1504,1686,0,1,0,0,0,0,0,0,0,0,0,0,0,0,0,0
1510,1519,0,1,0,0,0,0,0,0,0,0,0,0,0,0,0,0
1512,2697,0,1,0,0,0,0,0,0,0,0,0,0,0,0,0,0
1513,2610,0,1,0,0,0,0,0,0,0,0,0,0,0,0,0,0
1520,1406,0,0,0,0,1,0,0,1,0,0,0,0,0,1,0,0
1521,1083,0,1,0,0,0,0,0,0,0,0,0,0,0,0,0,0
1529,1703,0,0,0,0,0,0,0,0,0,0,0,0,1,0,0,0
1530,1000,0,0,0,0,0,0,0,0,0,1,0,0,0,0,0,0
1532,871,0,1,0,0,0,0,0,0,0,0,0,0,0,0,0,0
1534,2061,0,1,0,0,0,0,0,0,0,0,0,0,0,0,0,0
1538,2949,0,1,0,0,1,0,0,0,0,0,0,0,0,0,0,0
1556,1523,0,0,0,0,1,0,0,1,0,0,0,0,0,1,0,0
1556,1763,0,0,0,0,1,0,0,0,0,1,0,0,0,0,0,0
1556,1796,0,0,0,0,1,0,0,0,0,0,0,0,1,0,0,0
1557,1779,0,0,0,0,0,1,0,0,0,0,0,0,1,0,0,0
1557,1780,0,0,0,0,0,0,0,0,0,0,0,0,1,0,0,0
1557,1781,0,0,0,0,0,1,0,0,0,0,0,0,1,0,0,0
1557,2933,0,0,0,0,0,1,0,0,0,0,0,0,1,0,0,0
1558,1779,0,0,0,0,0,0,0,0,0,0,0,0,1,0,0,0
1558,1780,0,0,0,0,0,0,0,0,0,0,0,0,1,0,0,0
1558,1781,0,0,0,0,0,1,0,0,0,0,0,0,1,0,0,0
1560,1779,0,0,0,0,0,1,0,0,0,0,0,0,1,0,0,0
1564,1902,0,1,0,0,0,0,0,0,0,0,0,0,0,0,0,0
1570,1533,0,0,0,0,1,0,0,1,0,0,0,0,0,1,0,0
1570,2068,0,1,0,0,0,0,0,0,0,0,0,0,0,0,0,0
1571,2933,0,0,0,1,0,0,0,0,0,0,0,0,1,0,0,0
1574,1705,0,0,0,1,0,0,0,0,0,0,0,0,1,0,0,0
1578,1697,0,0,0,1,0,0,0,0,0,0,0,0,1,0,0,0
1582,1697,0,0,0,1,0,0,0,0,0,0,0,0,1,0,0,0
1594,309,0,1,0,0,0,0,0,0,0,0,0,0,0,0,0,0
1595,3224,0,0,0,1,0,0,1,0,0,0,0,0,0,0,0,1
1597,2991,0,0,0,1,0,0,0,0,0,1,0,0,0,0,0,0
1597,3005,0,0,0,0,0,1,0,0,0,0,0,0,1,0,0,0
1605,3035,0,0,0,0,1,0,0,0,0,0,0,0,1,0,0,0
1605,3059,0,0,0,0,1,0,0,0,0,1,0,0,0,0,0,0
1608,695,0,1,0,0,0,0,0,0,0,0,0,0,0,0,0,0
1608,3224,0,0,0,0,0,1,0,0,1,0,0,0,0,1,0,1
1612,1264,0,1,0,0,0,0,0,0,0,0,0,0,0,0,0,0
1628,2550,0,0,0,0,1,0,0,1,0,0,0,0,0,1,0,0
1628,2592,0,1,0,0,0,0,0,0,0,0,0,0,0,0,0,0
1629,1748,0,1,0,0,0,0,0,0,0,0,0,0,0,0,0,0
1630,3292,0,1,0,0,0,0,0,0,0,0,0,0,0,0,0,0
1636,3218,0,0,0,0,1,0,0,1,0,0,1,0,0,0,0,0
1641,2502,0,1,0,0,0,0,0,0,0,0,0,0,0,0,0,0
1641,2544,0,0,0,0,1,0,0,1,0,0,1,0,0,0,0,0
1643,1715,0,1,0,0,0,0,0,0,0,0,0,0,0,0,0,0
1647,525,0,0,0,0,0,0,0,0,0,1,0,0,0,0,0,0
1648,3043,0,1,0,0,0,0,0,0,0,0,0,0,0,0,0,0
1649,2447,0,0,0,0,0,0,0,0,0,1,0,0,0,0,0,0
1653,1872,0,1,0,0,0,0,0,0,0,0,0,0,0,0,0,0
1664,1452,0,1,0,0,0,0,0,0,0,0,0,0,0,0,0,0
1664,1533,0,1,0,0,0,0,0,0,0,0,0,0,0,0,0,0
1664,3162,0,1,0,0,0,0,0,0,0,0,0,0,0,0,0,0
1679,1413,0,1,0,0,0,0,0,0,0,0,0,0,0,0,0,0
1680,1841,0,1,0,0,0,0,0,0,0,0,0,0,0,0,0,0
1681,2390,0,0,0,0,1,0,0,0,0,0,0,0,1,0,0,0
1682,1275,0,1,0,0,0,0,0,0,0,0,0,0,0,0,0,0
1682,1352,0,1,0,0,0,0,0,0,0,0,0,0,0,0,0,0
1682,2319,0,0,0,0,0,0,0,0,0,0,0,0,1,0,0,0
1687,593,0,0,0,0,0,0,0,0,0,1,0,0,0,0,0,0
1687,638,0,0,0,0,1,0,0,0,0,0,0,0,1,0,0,0
1696,1118,0,1,0,0,0,0,0,0,0,0,0,0,0,0,0,0
1696,1162,0,1,0,0,0,0,0,0,0,0,0,0,0,0,0,0
1701,643,0,0,0,0,1,0,0,0,0,0,0,0,1,0,0,0
1704,2398,0,0,0,0,1,0,0,0,0,1,0,0,0,0,0,0
1705,1682,0,1,0,0,0,0,0,0,0,0,0,0,0,0,0,0
1706,724,0,0,0,0,0,0,0,0,0,1,0,0,0,0,0,0
1706,780,0,1,0,0,0,0,0,0,0,0,0,0,0,0,0,0
1706,896,0,1,0,0,0,0,0,0,0,0,0,0,0,0,0,0
1707,946,0,1,0,0,0,0,0,0,0,0,0,0,0,0,0,0
1708,2418,0,0,0,0,1,0,0,0,0,1,0,0,0,0,0,0
1721,491,0,0,0,1,0,0,1,0,0,0,0,0,0,0,0,1
1721,508,0,0,0,1,0,0,1,0,0,0,0,0,0,0,0,1
1722,2474,0,1,0,0,0,0,0,0,0,0,0,0,0,0,0,0
1727,643,0,0,0,0,0,1,0,0,0,1,0,0,0,0,0,0
1730,644,0,0,0,0,0,1,0,0,0,0,0,0,1,0,0,0
1732,665,0,0,0,0,1,0,0,0,0,1,0,0,0,0,0,0
1743,703,0,0,0,0,1,0,0,0,0,0,0,0,1,0,0,0
1743,713,0,0,0,0,1,0,0,0,0,0,0,0,1,0,0,0
1751,634,0,0,0,0,1,0,0,0,0,0,0,0,1,0,0,0
1761,2489,0,0,0,1,0,0,0,0,1,0,0,0,0,1,0,1
1769,1440,0,0,1,0,0,0,0,0,0,0,0,0,0,0,0,0
1769,2489,0,0,0,1,0,0,1,0,0,0,0,0,0,0,0,1
1774,1719,0,0,1,0,0,0,0,0,0,0,0,0,0,0,0,0
1779,668,0,0,0,0,0,0,0,0,0,0,0,0,1,0,0,0
1792,2249,0,0,0,0,0,0,0,0,0,1,0,0,0,0,0,0
1796,1911,0,0,1,0,0,0,0,0,0,0,0,0,0,0,0,0
1815,1687,0,0,0,1,0,0,0,1,0,0,0,0,0,1,0,0
1815,2345,0,0,0,1,0,0,0,0,0,0,0,0,1,0,0,0
1818,867,0,0,0,1,0,0,1,0,0,0,0,1,0,0,0,0
1818,1687,0,0,0,1,0,0,0,1,0,0,0,0,0,1,0,0
1820,942,0,0,0,0,0,0,0,0,0,0,0,0,1,0,0,0
1820,943,0,0,0,0,0,0,0,0,0,0,0,0,1,0,0,0
1820,944,0,0,0,0,0,0,0,0,0,0,0,0,1,0,0,0
1821,942,0,0,0,0,0,0,0,0,0,0,0,0,1,0,0,0
1821,943,0,0,0,0,0,0,0,0,0,0,0,0,1,0,0,0
1821,944,0,0,0,0,0,0,0,0,0,0,0,0,1,0,0,0
1825,857,0,0,0,1,0,0,0,0,1,0,1,0,0,0,0,0
1828,2344,0,0,0,1,0,0,0,0,0,1,0,0,0,0,0,0
1829,1140,0,0,0,0,1,0,0,0,0,0,0,0,1,0,0,0
1832,2306,0,0,0,1,0,0,0,0,0,1,0,0,0,0,0,0
1832,2309,0,0,0,1,0,0,0,0,0,0,0,0,1,0,0,0
1836,653,0,1,0,0,0,0,0,0,0,0,0,0,0,0,0,0
1843,1153,0,0,0,0,1,0,0,0,0,0,0,0,1,0,0,0
1859,2826,0,0,0,1,0,0,1,0,0,0,0,0,0,0,0,1
1863,2693,0,0,1,0,0,0,0,0,0,0,0,0,0,0,0,0
1865,1176,0,0,0,0,1,0,0,0,0,1,0,0,0,0,0,0
1865,1905,0,0,1,0,0,0,0,0,0,0,0,0,0,0,0,0
1865,2821,0,0,0,1,0,0,1,0,0,0,0,0,0,0,0,1
1875,1158,0,0,0,0,1,0,0,0,0,0,0,0,1,0,0,0
1881,1234,0,0,0,0,0,0,0,0,0,1,0,0,0,0,0,0
1892,614,0,1,0,0,0,0,0,0,0,0,0,0,0,0,0,0
1897,2137,0,0,0,1,0,0,1,0,0,0,0,1,0,0,0,0
1901,2126,0,0,0,1,0,0,0,0,1,0,0,0,0,1,0,0
1901,2619,0,1,0,0,0,0,0,0,0,0,0,0,0,0,0,0
1903,917,0,1,0,0,0,0,0,0,0,0,0,0,0,0,0,0
1928,1421,0,1,0,0,0,0,0,0,0,0,0,0,0,0,0,0
1928,1536,0,1,0,0,0,0,0,0,0,0,0,0,0,0,0,0
1932,1996,0,0,1,0,0,0,0,0,0,0,0,0,0,0,0,0
1953,1719,0,0,1,0,0,0,0,0,0,0,0,0,0,0,0,0
1953,1795,0,0,1,0,0,0,0,0,0,0,0,0,0,0,0,0
1965,898,0,1,0,0,0,0,0,0,0,0,0,0,0,0,0,0
1965,2352,0,0,1,0,0,0,0,0,0,0,0,0,0,0,0,0
1976,637,0,0,1,0,0,0,0,0,0,0,0,0,0,0,0,0
1979,2157,0,0,1,0,0,0,0,0,0,0,0,0,0,0,0,0
1992,1941,0,0,0,1,0,0,1,0,0,0,0,0,0,0,0,1
1992,1953,0,0,0,1,0,0,1,0,0,0,0,0,0,0,0,1
2000,2623,0,1,0,0,0,0,0,0,0,0,0,0,0,0,0,0
2008,2047,0,0,0,1,0,0,1,0,0,0,0,0,0,0,1,0
2015,1710,0,0,0,1,0,0,1,0,0,0,0,0,0,0,0,1
2018,1710,0,0,0,1,0,0,1,0,0,0,0,0,0,0,0,1
2018,1905,0,1,0,0,0,0,0,0,0,0,0,0,0,0,0,0
2021,488,0,1,0,0,0,0,0,0,0,0,0,0,0,0,0,0
2021,2047,0,0,0,1,0,0,0,0,1,0,1,0,0,0,0,0
2023,1972,0,1,0,0,0,0,0,0,0,0,0,0,0,0,0,0
2032,933,0,1,0,0,0,0,0,0,0,0,0,0,0,0,0,0
2046,2458,0,0,0,1,0,0,0,1,0,0,0,0,0,1,0,0
2046,2463,0,0,0,1,0,0,0,1,0,0,0,0,0,1,0,0
2050,2831,0,0,0,1,0,0,0,1,0,0,0,0,0,1,0,0
2050,2837,0,0,0,1,0,0,0,1,0,0,0,0,0,1,0,0
2056,2655,0,1,0,0,0,0,0,0,0,0,0,0,0,0,0,0
2057,2897,0,1,0,0,0,0,0,0,0,0,0,0,0,0,0,0
2077,635,0,1,0,0,0,0,0,0,0,0,0,0,0,0,0,0
2103,2117,0,0,0,0,1,0,0,1,0,0,1,0,0,0,0,0
2104,2137,0,0,0,0,0,1,0,0,1,0,0,0,0,1,0,1
2104,2143,0,0,0,1,0,0,1,0,0,0,0,0,0,0,0,1
2138,1893,0,0,1,0,0,0,0,0,0,0,0,0,0,0,0,0
2169,1882,0,1,0,0,0,0,0,0,0,0,0,0,0,0,0,0
2172,1817,0,0,0,0,1,0,0,1,0,0,0,0,0,1,0,0
2181,1797,0,0,0,0,1,0,0,1,0,0,0,0,0,1,0,0
2193,1259,0,0,0,1,0,0,1,0,0,0,0,0,0,0,1,0
2193,2679,0,1,0,0,0,0,0,0,0,0,0,0,0,0,0,0
2196,1695,0,0,1,0,0,0,0,0,0,0,0,0,0,0,0,0
2201,1418,0,0,0,0,1,0,0,1,0,0,0,0,0,1,0,0
2204,1264,0,0,0,1,0,0,1,0,0,0,0,1,0,0,0,0
2204,1368,0,1,0,0,0,0,0,0,0,0,0,0,0,0,0,0
2216,1630,0,1,0,0,0,0,0,0,0,0,0,0,0,0,0,0
2223,1786,0,1,0,0,0,0,0,0,0,0,0,0,0,0,0,0
2229,1418,0,0,0,0,1,0,0,1,0,0,1,0,0,0,0,0
2230,1713,0,0,1,0,0,0,0,0,0,0,0,0,0,0,0,0
2235,2679,0,1,0,0,0,0,0,0,0,0,0,0,0,0,0,0
2248,2203,0,1,0,0,0,0,0,0,0,0,0,0,0,0,0,0
2259,1630,0,0,0,1,0,0,1,0,0,0,0,0,0,0,0,1
2275,1630,0,0,0,1,0,0,1,0,0,0,0,0,0,0,0,1
2296,648,0,1,0,0,0,0,0,0,0,0,0,0,0,0,0,0
