18,2779,0,1,0,0,0,0,0,0,0,0,0,0,0,0,0,0
27,2698,0,1,0,0,0,0,0,0,0,0,0,0,0,0,0,0
42,1611,0,1,0,0,0,0,0,0,0,0,0,0,0,0,0,0
78,2642,0,1,0,0,0,0,0,0,0,0,0,0,0,0,0,0
112,1014,0,0,0,1,0,0,1,0,0,0,0,0,0,0,0,1
117,1296,0,1,0,0,0,0,0,0,0,0,0,0,0,0,0,0
118,1014,0,0,0,0,0,1,0,0,1,0,0,0,0,1,0,1
122,2413,0,1,0,0,0,0,0,0,0,0,0,0,0,0,0,0
127,2299,0,1,0,0,0,0,0,0,0,0,0,0,0,0,0,0
128,2189,0,0,0,1,0,0,1,0,0,0,0,0,0,0,0,1
128,2192,0,0,0,1,0,0,1,0,0,0,0,0,0,0,0,1
137,1003,0,0,0,0,0,1,0,0,1,0,0,0,0,1,0,0
142,1003,0,0,0,1,0,0,1,0,0,0,0,0,0,0,1,0
143,1787,0,0,0,0,1,0,0,1,0,0,0,0,0,1,0,0
144,1620,0,0,0,0,1,0,0,1,0,0,1,0,0,0,0,0
154,1769,0,0,0,0,1,0,0,1,0,0,0,0,0,1,0,0
155,523,0,1,0,0,0,0,0,0,0,0,0,0,0,0,0,0
161,2365,0,0,0,1,0,0,1,0,0,0,0,0,0,0,0,1
161,2375,0,0,0,1,0,0,1,0,0,0,0,0,0,0,0,1
175,1895,0,1,0,0,0,0,0,0,0,0,0,0,0,0,0,0
179,1620,0,0,0,0,1,0,0,1,0,0,1,0,0,0,0,0
179,2404,0,1,0,0,0,0,0,0,0,0,0,0,0,0,0,0
180,499,0,0,0,0,0,0,0,0,0,0,0,0,0,1,0,0
180,501,0,0,0,0,0,0,0,0,0,0,0,0,0,1,0,0
194,515,0,0,0,0,1,0,0,1,0,0,0,0,0,1,0,0
205,1276,0,1,0,0,0,0,0,0,0,0,0,0,0,0,0,0
207,1331,0,0,0,1,0,0,1,0,0,0,0,1,0,0,0,0
216,1732,0,1,0,0,0,0,0,0,0,0,0,0,0,0,0,0
216,1799,0,1,0,0,0,0,0,0,0,0,0,0,0,0,0,0
218,515,0,0,0,0,1,0,0,1,0,0,0,0,0,1,0,0
223,1020,0,1,0,0,0,0,0,0,0,0,0,0,0,0,0,0
225,1331,0,0,0,0,0,1,0,0,1,0,1,0,0,0,0,0
228,1073,0,0,0,0,0,0,0,0,0,0,0,0,1,0,0,0
230,1259,0,1,0,0,0,0,0,0,0,0,0,0,0,0,0,0
239,1380,0,1,0,0,0,0,0,0,0,0,0,0,0,0,0,0
249,1178,0,0,0,1,0,0,0,0,0,0,0,0,1,0,0,0
251,1137,0,0,0,0,0,1,0,0,0,0,0,0,1,0,0,0
252,1142,0,0,0,0,0,1,0,0,0,0,0,0,1,0,0,0
252,1178,0,0,0,0,0,1,0,0,0,0,0,0,1,0,0,0
254,1108,0,0,0,1,0,0,0,0,0,0,0,0,1,0,0,0
254,1111,0,0,0,0,0,1,0,0,0,0,0,0,1,0,0,0
259,1332,0,0,0,0,1,0,0,1,0,0,1,0,0,0,0,0
264,459,0,0,0,1,0,0,1,0,0,0,0,0,0,0,1,0
264,472,0,0,0,1,0,0,1,0,0,0,0,0,0,0,0,1
264,475,0,0,0,1,0,0,1,0,0,0,0,0,0,0,0,1
266,1589,0,1,0,0,0,0,0,0,0,0,0,0,0,0,0,0
277,519,0,1,0,0,0,0,0,0,0,0,0,0,0,0,0,0
277,1082,0,0,0,1,0,0,0,0,0,0,0,0,1,0,0,0
278,2447,0,1,0,0,0,0,0,0,0,0,0,0,0,0,0,0
281,1082,0,0,0,1,0,0,0,0,0,0,0,0,1,0,0,0
286,1147,0,0,0,0,0,0,0,0,0,1,0,0,0,0,0,0
292,720,0,0,0,1,0,0,1,0,0,0,0,0,0,0,0,1
294,709,0,0,0,1,0,0,1,0,0,0,0,0,0,0,0,1
295,954,0,0,0,0,1,0,0,1,0,0,0,0,0,1,0,0
296,986,0,0,0,0,0,1,0,0,1,0,0,0,0,1,0,0
296,1572,0,1,0,0,0,0,0,0,0,0,0,0,0,0,0,0
300,566,0,1,0,0,0,0,0,0,0,0,0,0,0,0,0,0
301,991,0,0,0,0,0,1,0,0,1,0,0,0,0,1,0,0
303,1026,0,0,0,0,0,1,0,0,1,0,0,0,0,1,0,1
307,1029,0,0,0,1,0,0,1,0,0,0,0,0,0,0,0,1
329,2528,0,1,0,0,0,0,0,0,0,0,0,0,0,0,0,0
333,2163,0,0,0,0,1,0,0,1,0,0,1,0,0,0,0,0
337,2195,0,0,0,0,1,0,0,1,0,0,1,0,0,0,0,0
346,567,0,0,0,0,1,0,0,1,0,0,0,0,0,1,0,0
349,1843,0,0,0,1,0,0,1,0,0,0,0,0,0,0,1,0
354,1843,0,0,0,1,0,0,1,0,0,0,0,0,0,0,1,0
357,1572,0,1,0,0,0,0,0,0,0,0,0,0,0,0,0,0
361,1291,0,1,0,0,1,0,0,0,0,0,0,0,0,0,0,0
367,1029,0,0,0,1,0,0,1,0,0,0,0,0,0,0,0,1
368,1738,0,1,0,0,0,0,0,0,0,0,0,0,0,0,0,0
373,1033,0,0,0,1,0,0,1,0,0,0,0,0,0,0,0,1
374,1308,0,0,0,0,0,1,0,0,0,0,0,0,1,0,0,0
374,1317,0,0,0,0,0,1,0,0,0,0,0,0,1,0,0,0
379,566,0,0,0,0,1,0,0,1,0,0,0,0,0,1,0,0
384,1868,0,1,0,0,0,0,0,0,0,0,0,0,0,0,0,0
386,486,0,0,0,0,1,0,0,1,0,0,1,0,0,0,0,0
386,1339,0,0,0,0,1,0,0,0,0,0,0,0,1,0,0,0
388,1255,0,0,0,0,1,0,0,0,0,0,0,0,1,0,0,0
393,1258,0,0,0,0,1,0,0,0,0,0,0,0,1,0,0,0
395,464,0,0,0,0,0,1,0,1,0,0,1,0,0,0,0,0
398,942,0,1,0,0,0,0,0,0,0,0,0,0,0,0,0,0
405,566,0,0,0,0,0,1,0,0,0,0,0,0,1,0,0,0
410,1291,0,0,0,0,1,0,0,0,0,0,0,0,1,0,0,0
411,463,0,0,0,1,0,0,0,0,0,0,0,0,1,0,0,0
412,556,0,0,0,1,0,0,0,0,0,1,0,0,0,0,0,0
412,1289,0,0,0,0,0,1,0,0,0,0,0,0,1,0,0,0
412,1290,0,0,0,0,0,1,0,0,0,0,0,0,1,0,0,0
413,1289,0,0,0,0,0,0,0,0,0,1,0,0,0,0,0,0
413,1290,0,0,0,0,0,1,0,0,0,0,0,0,1,0,0,0
418,463,0,0,0,0,0,1,0,0,0,0,0,0,1,0,0,0
419,1417,0,1,0,0,0,0,0,0,0,0,0,0,0,0,0,0
425,573,0,0,0,0,1,0,0,0,0,1,0,0,0,0,0,0
429,1290,0,0,0,0,0,1,0,0,0,1,0,0,0,0,0,0
430,2790,0,0,0,0,1,0,0,1,0,0,1,0,0,0,0,0
430,2826,0,0,0,0,0,1,0,0,1,0,0,0,0,1,0,1
430,2833,0,0,0,1,0,0,1,0,0,0,0,0,0,0,0,1
431,2313,0,1,0,0,0,0,0,0,0,0,0,0,0,0,0,0
437,1262,0,0,0,0,1,0,0,0,0,0,0,0,1,0,0,0
440,2967,0,0,0,1,0,0,0,1,0,0,0,0,0,1,0,0
440,2972,0,0,0,1,0,0,0,0,1,0,1,0,0,0,0,0
440,2975,0,0,0,1,0,0,1,0,0,0,0,0,0,0,1,0
442,1262,0,0,0,0,0,1,0,0,0,1,0,0,0,0,0,0
448,466,0,0,0,0,0,1,0,0,0,0,0,0,1,0,0,0
448,1287,0,0,0,0,0,1,0,0,0,0,0,0,1,0,0,0
450,516,0,0,0,1,0,0,0,0,0,1,0,0,0,0,0,0
452,1287,0,0,0,0,1,0,0,0,0,0,0,0,1,0,0,0
454,472,0,0,0,1,0,0,0,0,0,0,0,0,1,0,0,0
458,516,0,0,0,1,0,0,0,0,0,1,0,0,0,0,0,0
468,387,0,1,0,0,0,0,0,0,0,0,0,0,0,0,0,0
472,1351,0,0,0,0,1,0,0,0,0,0,0,0,1,0,0,0
472,1379,0,0,0,0,1,0,0,0,0,0,0,0,1,0,0,0
475,1214,0,0,0,0,1,0,0,1,0,0,0,0,0,1,0,0
482,2838,0,1,0,0,0,0,0,0,0,0,0,0,0,0,0,0
484,2110,0,0,1,0,0,0,0,0,0,0,0,0,0,0,0,0
485,3019,0,0,1,0,0,0,0,0,0,0,0,0,0,0,0,0
486,538,0,0,0,0,0,0,0,0,0,1,0,0,0,0,0,0
486,1395,0,0,0,0,1,0,0,0,0,1,0,0,0,0,0,0
487,2484,0,0,0,1,0,0,1,0,0,0,0,0,0,0,0,1
493,2484,0,0,0,1,0,0,1,0,0,0,0,0,0,0,0,1
494,1214,0,0,0,0,1,0,0,1,0,0,0,0,0,1,0,0
498,2314,0,0,1,0,0,0,0,0,0,0,0,0,0,0,0,0
505,1337,0,0,0,1,0,0,0,0,0,0,0,0,1,0,0,0
505,1348,0,0,0,1,0,0,0,0,0,0,0,0,1,0,0,0
519,491,0,0,0,1,0,0,0,0,0,0,0,0,1,0,0,0
523,1215,0,0,0,0,1,0,0,1,0,0,1,0,0,0,0,0
528,487,0,0,0,0,0,0,0,0,0,0,0,0,1,0,0,0
528,489,0,0,0,0,0,1,0,0,0,0,0,0,1,0,0,0
528,491,0,0,0,0,0,1,0,0,0,0,0,0,1,0,0,0
532,540,0,0,0,0,1,0,0,0,0,0,0,0,1,0,0,0
533,571,0,0,0,0,0,1,0,0,0,1,0,0,0,0,0,0
535,471,0,0,0,0,1,0,0,0,0,0,0,0,1,0,0,0
538,1093,0,0,0,1,0,0,1,0,0,0,0,0,0,0,0,1
540,1213,0,0,0,0,1,0,0,1,0,0,0,0,0,1,0,0
540,1297,0,0,1,0,0,0,0,0,0,0,0,0,0,0,0,0
542,1093,0,0,0,1,0,0,0,0,1,0,0,0,0,1,0,1
548,572,0,0,0,0,0,1,0,0,0,0,0,0,1,0,0,0
548,1186,0,0,0,0,1,0,0,1,0,0,1,0,0,0,0,0
559,584,0,0,0,0,0,1,0,0,0,0,0,0,1,0,0,0
559,589,0,0,0,0,0,1,0,0,0,1,0,0,0,0,0,0
561,445,0,0,0,1,0,0,0,0,0,0,0,0,1,0,0,0
561,458,0,0,0,1,0,0,0,0,0,1,0,0,0,0,0,0
562,2579,0,1,0,0,0,0,0,0,0,0,0,0,0,0,0,0
564,568,0,0,0,0,1,0,0,0,0,0,0,0,1,0,0,0
573,1029,0,0,0,0,0,0,0,0,0,0,0,0,1,0,0,0
573,1031,0,0,0,0,0,0,0,0,0,0,0,0,1,0,0,0
575,2768,0,1,0,0,0,0,0,0,0,0,0,0,0,0,0,0
582,591,0,0,0,0,0,1,0,0,0,1,0,0,0,0,0,0
583,596,0,0,0,0,1,0,0,0,0,0,0,0,1,0,0,0
584,1125,0,0,0,0,1,0,0,0,0,0,0,0,1,0,0,0
584,1129,0,0,0,0,0,1,0,0,0,0,0,0,1,0,0,0
586,573,0,0,0,0,0,0,0,0,0,0,0,0,1,0,0,0
586,574,0,0,0,0,0,0,0,0,0,0,0,0,1,0,0,0
587,573,0,0,0,0,0,0,0,0,0,0,0,0,1,0,0,0
587,574,0,0,0,0,0,1,0,0,0,0,0,0,1,0,0,0
589,487,0,1,0,0,0,0,0,0,0,0,0,0,0,0,0,0
594,573,0,0,0,0,1,0,0,0,0,1,0,0,0,0,0,0
598,1522,0,0,0,0,1,0,0,0,0,0,0,0,1,0,0,0
599,1405,0,0,0,1,0,0,0,0,0,0,0,0,1,0,0,0
599,1494,0,0,0,0,1,0,0,0,0,0,0,0,1,0,0,0
600,1173,0,0,0,1,0,0,0,0,0,0,0,0,1,0,0,0
604,1142,0,0,0,0,0,1,0,0,0,1,0,0,0,0,0,0
604,1160,0,0,0,0,0,1,0,0,0,1,0,0,0,0,0,0
604,1405,0,0,0,0,0,1,0,0,0,0,0,0,1,0,0,0
610,1250,0,0,1,0,0,0,0,0,0,0,0,0,0,0,0,0
613,1070,0,0,0,0,1,0,0,0,0,0,0,0,1,0,0,0
613,1076,0,0,0,0,1,0,0,0,0,0,0,0,1,0,0,0
613,1425,0,0,0,0,0,1,0,0,0,0,0,0,1,0,0,0
613,1442,0,0,0,0,0,1,0,0,0,0,0,0,1,0,0,0
617,2341,0,1,0,0,0,0,0,0,0,0,0,0,0,0,0,0
621,1174,0,0,0,0,1,0,0,0,0,1,0,0,0,0,0,0
623,2868,0,1,0,0,0,0,0,0,0,0,0,0,0,0,0,0
624,1083,0,0,0,0,0,1,0,0,0,1,0,0,0,0,0,0
624,1395,0,0,0,0,1,0,0,0,0,1,0,0,0,0,0,0
627,1464,0,0,0,0,1,0,0,0,0,0,0,0,1,0,0,0
627,1497,0,0,0,0,1,0,0,0,0,0,0,0,1,0,0,0
627,2949,0,1,0,0,0,0,0,0,0,0,0,0,0,0,0,0
629,1107,0,0,0,0,1,0,0,0,0,0,0,0,1,0,0,0
630,3270,0,1,0,0,0,0,0,0,0,0,0,0,0,0,0,0
639,1223,0,0,0,0,0,0,0,0,0,0,0,0,1,0,0,0
640,987,0,0,0,0,0,0,0,0,0,1,0,0,0,0,0,0
649,582,0,0,1,0,0,0,0,0,0,0,0,0,0,0,0,0
654,1306,0,0,0,0,1,0,0,0,0,1,0,0,0,0,0,0
655,1193,0,0,0,0,0,0,0,0,0,0,0,0,1,0,0,0
655,1974,0,1,0,0,0,0,0,0,0,0,0,0,0,0,0,0
658,1033,0,0,0,0,0,0,0,0,0,0,0,0,1,0,0,0
658,1034,0,0,0,0,0,0,0,0,0,0,0,0,1,0,0,0
659,1033,0,0,0,0,0,0,0,0,0,0,0,0,1,0,0,0
659,1034,0,0,0,0,0,0,0,0,0,0,0,0,1,0,0,0
660,540,0,1,0,0,0,0,0,0,0,0,0,0,0,0,0,0
660,1033,0,0,0,0,0,0,0,0,0,0,0,0,1,0,0,0
660,1034,0,0,0,0,0,1,0,0,0,0,0,0,1,0,0,0
664,1044,0,0,0,0,1,0,0,0,0,1,0,0,0,0,0,0
677,1314,0,0,0,0,0,1,0,0,0,0,0,0,1,0,0,0
677,1319,0,0,0,0,0,1,0,0,0,0,0,0,1,0,0,0
678,428,0,0,0,0,0,0,0,0,0,0,0,0,0,1,0,0
679,427,0,0,0,0,0,0,0,0,0,0,0,0,0,1,0,0
679,428,0,0,0,0,0,0,0,0,0,0,1,0,0,0,0,0
679,1279,0,0,0,0,1,0,0,0,0,1,0,0,0,0,0,0
688,1327,0,0,0,0,1,0,0,0,0,0,0,0,1,0,0,0
693,952,0,0,0,0,1,0,0,0,0,1,0,0,0,0,0,0
693,1061,0,0,0,0,1,0,0,0,0,0,0,0,1,0,0,0
693,1081,0,0,0,0,1,0,0,0,0,0,0,0,1,0,0,0
695,387,0,0,1,0,0,0,0,0,0,0,0,0,0,0,0,0
699,1103,0,0,0,0,1,0,0,0,0,1,0,0,0,0,0,0
701,985,0,0,0,0,0,1,0,0,0,0,0,0,1,0,0,0
701,987,0,0,0,0,0,0,0,0,0,0,0,0,1,0,0,0
702,927,0,0,0,0,0,1,0,0,0,0,0,0,1,0,0,0
702,1611,0,1,0,0,0,0,0,0,0,0,0,0,0,0,0,0
708,955,0,0,0,0,1,0,0,0,0,0,0,0,1,0,0,0
708,1209,0,0,0,0,0,0,0,0,0,0,0,0,1,0,0,0
708,1211,0,0,0,0,0,0,0,0,0,0,0,0,1,0,0,0
709,980,0,0,0,0,0,1,0,0,0,0,0,0,1,0,0,0
711,980,0,0,0,0,0,0,0,0,0,0,0,0,1,0,0,0
713,1178,0,0,0,0,1,0,0,0,0,0,0,0,1,0,0,0
717,1143,0,0,0,0,0,0,0,0,0,1,0,0,0,0,0,0
718,927,0,0,0,0,1,0,0,0,0,0,0,0,1,0,0,0
738,319,0,0,1,0,0,0,0,0,0,0,0,0,0,0,0,0
741,1033,0,0,0,1,0,0,0,0,0,0,0,0,1,0,0,0
741,1050,0,0,0,0,0,1,0,0,0,0,0,0,1,0,0,0
742,264,0,1,0,0,0,0,0,0,0,0,0,0,0,0,0,0
748,1068,0,0,0,0,1,0,0,0,0,0,0,0,1,0,0,0
750,912,0,0,0,1,0,0,0,0,0,0,0,0,1,0,0,0
751,948,0,0,0,0,0,1,0,0,0,0,0,0,1,0,0,0
751,951,0,0,0,1,0,0,0,0,0,0,0,0,1,0,0,0
756,1214,0,0,0,1,0,0,0,0,0,0,0,0,1,0,0,0
757,906,0,0,0,0,0,1,0,0,0,0,0,0,1,0,0,0
759,1082,0,0,0,0,1,0,0,0,0,0,0,0,1,0,0,0
760,1214,0,0,0,1,0,0,0,0,0,0,0,0,1,0,0,0
762,938,0,0,0,0,0,0,0,0,0,0,0,0,1,0,0,0
762,940,0,0,0,0,0,0,0,0,0,0,0,0,1,0,0,0
764,532,0,1,0,0,0,0,0,0,0,0,0,0,0,0,0,0
776,659,0,0,0,0,1,0,0,0,0,0,0,0,1,0,0,0
784,656,0,0,0,0,1,0,0,0,0,0,0,0,1,0,0,0
786,655,0,0,0,0,1,0,0,0,0,0,0,0,1,0,0,0
788,1194,0,0,0,1,0,0,1,0,0,0,0,0,0,0,1,0
788,1241,0,0,0,1,0,0,1,0,0,0,0,0,0,0,1,0
788,1245,0,0,0,1,0,0,1,0,0,0,0,0,0,0,1,0
790,655,0,0,0,0,1,0,0,0,0,0,0,0,1,0,0,0
791,658,0,0,0,0,1,0,0,0,0,0,0,0,1,0,0,0
791,660,0,0,0,0,0,1,0,0,0,0,0,0,1,0,0,0
792,650,0,0,0,0,1,0,0,0,0,0,0,0,1,0,0,0
792,1692,0,1,0,0,0,0,0,0,0,0,0,0,0,0,0,0
793,1194,0,0,0,1,0,0,1,0,0,0,0,0,0,0,1,0
795,650,0,0,0,0,0,1,0,0,0,1,0,0,0,0,0,0
799,294,0,1,0,0,0,0,0,0,0,0,0,0,0,0,0,0
801,678,0,0,0,0,0,1,0,0,0,0,0,0,1,0,0,0
802,371,0,1,0,0,0,0,0,0,0,0,0,0,0,0,0,0
805,2648,0,1,0,0,0,0,0,0,0,0,0,0,0,0,0,0
806,2887,0,1,0,0,0,0,0,0,0,0,0,0,0,0,0,0
811,678,0,0,0,0,1,0,0,0,0,0,0,0,1,0,0,0
811,2610,0,0,0,1,0,0,1,0,0,0,0,0,0,0,0,1
811,2613,0,0,0,1,0,0,1,0,0,0,0,0,0,0,0,1
812,674,0,0,0,0,1,0,0,0,0,0,0,0,1,0,0,0
813,1877,0,1,0,0,0,0,0,0,0,0,0,0,0,0,0,0
814,633,0,0,0,0,1,0,0,0,0,0,0,0,1,0,0,0
815,3042,0,1,0,0,0,0,0,0,0,0,0,0,0,0,0,0
819,2790,0,0,0,1,0,0,1,0,0,0,0,0,0,0,0,1
823,2792,0,0,0,1,0,0,1,0,0,0,0,0,0,0,0,1
824,2182,0,1,0,0,0,0,0,0,0,0,0,0,0,0,0,0
826,2089,0,0,0,1,0,0,1,0,0,0,0,0,0,0,0,1
827,2102,0,0,0,0,0,1,0,0,1,0,0,0,0,1,0,1
831,965,0,0,0,1,0,0,1,0,0,0,0,0,0,0,1,0
833,968,0,0,0,0,0,1,0,0,1,0,0,0,0,1,0,0
843,557,0,0,1,0,0,0,0,0,0,0,0,0,0,0,0,0
846,2496,0,1,0,0,0,0,0,0,0,0,0,0,0,0,0,0
854,3225,0,1,0,0,0,0,0,0,0,0,0,0,0,0,0,0
855,2102,0,0,0,0,1,0,0,1,0,0,1,0,0,0,0,0
860,968,0,0,0,0,0,1,0,0,1,0,1,0,0,0,0,0
862,367,0,0,0,1,0,0,1,0,0,0,0,0,0,0,1,0
863,940,0,0,0,0,1,0,0,1,0,0,0,0,0,1,0,0
865,980,0,0,0,1,0,0,0,1,0,0,0,0,0,1,0,0
872,371,0,0,0,0,0,1,1,0,0,0,0,0,0,0,1,0
872,383,0,0,0,1,0,0,0,0,1,0,0,0,0,1,0,0
872,1768,0,0,1,0,0,0,0,0,0,0,0,0,0,0,0,0
887,1140,0,1,0,0,0,0,0,0,0,0,0,0,0,0,0,0
895,368,0,0,0,0,0,1,0,0,0,0,0,0,1,0,0,0
896,2616,0,1,0,0,0,0,0,0,0,0,0,0,0,0,0,0
899,472,0,0,0,1,0,0,0,0,0,0,0,0,1,0,0,0
909,368,0,0,0,1,0,0,0,0,0,0,0,0,1,0,0,0
913,472,0,0,0,0,0,1,0,0,0,0,0,0,1,0,0,0
916,2320,0,0,0,1,0,0,1,0,0,0,0,1,0,0,0,0
917,2325,0,0,0,0,0,1,0,0,1,0,1,0,0,0,0,0
917,2348,0,0,0,0,0,1,0,0,1,0,0,0,0,1,0,1
925,2352,0,0,0,1,0,0,1,0,0,0,0,0,0,0,0,1
926,2422,0,1,0,0,0,0,0,0,0,0,0,0,0,0,0,0
927,405,0,0,0,0,0,0,0,0,0,1,0,0,0,0,0,0
930,989,1,0,0,0,0,0,0,0,0,0,0,0,0,0,0,0
934,989,1,0,0,0,0,0,0,0,0,0,0,0,0,0,0,0
937,439,0,0,0,0,1,0,0,0,0,1,0,0,0,0,0,0
937,472,0,0,0,0,1,0,0,0,0,0,0,0,1,0,0,0
946,745,1,0,0,0,0,0,0,0,0,0,0,0,0,0,0,0
952,483,0,0,0,0,1,0,0,0,0,0,0,0,1,0,0,0
955,704,1,0,0,0,0,0,0,0,0,0,0,0,0,0,0,0
956,940,1,0,0,0,0,0,0,0,0,0,0,0,0,0,0,0
957,558,0,0,0,1,0,0,0,0,0,1,0,0,0,0,0,0
957,1598,0,0,1,0,0,0,0,0,0,0,0,0,0,0,0,0
960,387,0,0,0,0,0,0,0,0,0,0,0,0,1,0,0,0
961,726,1,0,0,0,0,0,0,0,0,0,0,0,0,0,0,0
966,3221,0,0,0,1,0,0,0,1,0,0,1,0,0,0,0,0
966,3232,0,0,0,1,0,0,0,1,0,0,1,0,0,0,0,0
967,550,0,0,0,1,0,0,0,0,0,0,0,0,1,0,0,0
967,555,0,0,0,1,0,0,0,0,0,0,0,0,1,0,0,0
970,763,1,0,0,0,0,0,0,0,0,0,0,0,0,0,0,0
970,3181,0,0,0,1,0,0,0,1,0,0,0,0,0,1,0,0
970,3185,0,0,0,1,0,0,0,1,0,0,0,0,0,1,0,0
978,2020,0,0,1,0,0,0,0,0,0,0,0,0,0,0,0,0
979,1010,1,0,0,0,0,0,0,0,0,0,0,0,0,0,0,0
983,2112,0,0,0,1,0,0,0,1,0,0,0,0,0,1,0,0
988,2124,0,0,0,1,0,0,0,1,0,0,0,0,0,1,0,0
990,785,1,0,0,0,0,0,0,0,0,0,0,0,0,0,0,0
990,792,1,0,0,0,0,0,0,0,0,0,0,0,0,0,0,0
991,920,1,0,0,0,0,0,0,0,0,0,0,0,0,0,0,0
992,484,0,0,0,0,0,0,0,0,0,0,0,0,1,0,0,0
992,533,0,0,0,0,0,0,0,0,0,1,0,0,0,0,0,0
992,588,0,0,0,0,0,0,0,0,0,0,0,0,1,0,0,0
992,937,1,0,0,0,0,0,0,0,0,0,0,0,0,0,0,0
994,910,1,0,0,0,0,0,0,0,0,0,0,0,0,0,0,0
995,930,1,0,0,0,0,0,0,0,0,0,0,0,0,0,0,0
995,963,1,0,0,0,0,0,0,0,0,0,0,0,0,0,0,0
997,938,1,0,0,0,0,0,0,0,0,0,0,0,0,0,0,0
997,952,1,0,0,0,0,0,0,0,0,0,0,0,0,0,0,0
999,2554,0,0,0,1,0,0,1,0,0,0,0,0,0,0,0,1
1008,2367,0,0,1,0,0,0,0,0,0,0,0,0,0,0,0,0
1009,2554,0,0,0,1,0,0,1,0,0,0,0,0,0,0,0,1
1013,556,0,0,0,0,1,0,0,0,0,1,0,0,0,0,0,0
1014,818,1,0,0,0,0,0,0,0,0,0,0,0,0,0,0,0
1019,401,0,0,0,0,0,0,0,0,0,0,0,0,0,1,0,0
1020,400,0,0,0,0,0,0,0,0,0,0,0,0,0,1,0,0
1020,401,0,0,0,0,0,0,0,0,0,0,1,0,0,0,0,0
1026,1575,0,0,0,1,0,0,1,0,0,0,0,0,0,0,1,0
1027,1571,0,0,0,1,0,0,1,0,0,0,0,0,0,0,1,0
1027,1619,0,1,0,0,0,0,0,0,0,0,0,0,0,0,0,0
1028,566,0,0,0,0,0,1,0,0,0,0,0,0,1,0,0,0
1028,569,0,0,0,1,0,0,0,0,0,0,0,0,1,0,0,0
1029,2341,0,1,0,0,0,0,0,0,0,0,0,0,0,0,0,0
1051,1925,0,0,1,0,0,0,0,0,0,0,0,0,0,0,0,0
1059,903,1,0,0,0,0,0,0,0,0,0,0,0,0,0,0,0
1062,2712,0,0,1,0,0,0,0,0,0,0,0,0,0,0,0,0
1064,2914,0,0,0,1,0,0,1,0,0,0,0,0,0,0,0,1
1064,2918,0,0,0,0,0,1,0,0,1,0,0,0,0,1,0,1
1065,2953,0,0,0,0,1,0,0,1,0,0,1,0,0,0,0,0
1066,884,1,0,0,0,0,0,0,0,0,0,0,0,0,0,0,0
1072,933,1,0,0,0,0,0,0,0,0,0,0,0,0,0,0,0
1076,773,1,0,0,0,0,0,0,0,0,0,0,0,0,0,0,0
1078,195,0,1,0,0,0,0,0,0,0,0,0,0,0,0,0,0
1078,713,1,0,0,0,0,0,0,0,0,0,0,0,0,0,0,0
1078,724,1,0,0,0,0,0,0,0,0,0,0,0,0,0,0,0
1079,773,1,0,0,0,0,0,0,0,0,0,0,0,0,0,0,0
1081,709,1,0,0,0,0,0,0,0,0,0,0,0,0,0,0,0
1086,1041,1,0,0,0,0,0,0,0,0,0,0,0,0,0,0,0
1088,592,0,1,0,0,0,0,0,0,0,0,0,0,0,0,0,0
1090,833,1,0,0,0,0,0,0,0,0,0,0,0,0,0,0,0
1090,1136,0,0,1,0,0,0,0,0,0,0,0,0,0,0,0,0
1112,858,1,0,0,0,0,0,0,0,0,0,0,0,0,0,0,0
1118,2549,0,1,0,0,0,0,0,0,0,0,0,0,0,0,0,0
1119,866,1,0,0,0,0,0,0,0,0,0,0,0,0,0,0,0
1121,866,1,0,0,0,0,0,0,0,0,0,0,0,0,0,0,0
1124,2174,0,0,0,1,0,0,1,0,0,0,0,1,0,0,0,0
1128,856,1,0,0,0,0,0,0,0,0,0,0,0,0,0,0,0
1131,2175,0,0,0,1,0,0,1,0,0,0,0,1,0,0,0,0
1136,889,1,0,0,0,0,0,0,0,0,0,0,0,0,0,0,0
1137,924,1,0,0,0,0,0,0,0,0,0,0,0,0,0,0,0
1142,848,1,0,0,0,0,0,0,0,0,0,0,0,0,0,0,0
1143,797,1,0,0,0,0,0,0,0,0,0,0,0,0,0,0,0
1146,831,1,0,0,0,0,0,0,0,0,0,0,0,0,0,0,0
1147,769,1,0,0,0,0,0,0,0,0,0,0,0,0,0,0,0
1190,853,1,0,0,0,0,0,0,0,0,0,0,0,0,0,0,0
1193,2887,0,1,0,0,0,0,0,0,0,0,0,0,0,0,0,0
1203,823,1,0,0,0,0,0,0,0,0,0,0,0,0,0,0,0
1218,521,0,0,1,0,0,0,0,0,0,0,0,0,0,0,0,0
1225,823,1,0,0,0,0,0,0,0,0,0,0,0,0,0,0,0
1226,661,1,0,0,0,0,0,0,0,0,0,0,0,0,0,0,0
1226,662,1,0,0,0,0,0,0,0,0,0,0,0,0,0,0,0
1227,661,1,0,0,0,0,0,0,0,0,0,0,0,0,0,0,0
1227,766,1,0,0,0,0,0,0,0,0,0,0,0,0,0,0,0
1236,862,1,0,0,0,0,0,0,0,0,0,0,0,0,0,0,0
1237,901,1,0,0,0,0,0,0,0,0,0,0,0,0,0,0,0
1254,608,0,0,0,1,0,0,1,0,0,0,0,0,0,0,0,1
1254,620,0,0,0,1,0,0,1,0,0,0,0,0,0,0,0,1
1260,3151,0,1,0,0,0,0,0,0,0,0,0,0,0,0,0,0
1263,845,1,0,0,0,0,0,0,0,0,0,0,0,0,0,0,0
1264,918,1,0,0,0,0,0,0,0,0,0,0,0,0,0,0,0
1264,920,1,0,0,0,0,0,0,0,0,0,0,0,0,0,0,0
1268,845,1,0,0,0,0,0,0,0,0,0,0,0,0,0,0,0
1268,904,1,0,0,0,0,0,0,0,0,0,0,0,0,0,0,0
1275,463,0,0,0,1,0,0,1,0,0,0,0,0,0,0,1,0
1275,471,0,0,0,1,0,0,1,0,0,0,0,0,0,0,1,0
1275,895,1,0,0,0,0,0,0,0,0,0,0,0,0,0,0,0
1282,884,1,0,0,0,0,0,0,0,0,0,0,0,0,0,0,0
1284,892,1,0,0,0,0,0,0,0,0,0,0,0,0,0,0,0
1285,3350,0,1,0,0,0,0,0,0,0,0,0,0,0,0,0,0
1287,408,0,1,0,0,0,0,0,0,0,0,0,0,0,0,0,0
1299,2594,0,0,1,0,0,0,0,0,0,0,0,0,0,0,0,0
1304,907,1,0,0,0,0,0,0,0,0,0,0,0,0,0,0,0
1304,933,1,0,0,0,0,0,0,0,0,0,0,0,0,0,0,0
1304,935,1,0,0,0,0,0,0,0,0,0,0,0,0,0,0,0
1304,975,1,0,0,0,0,0,0,0,0,0,0,0,0,0,0,0
1305,493,0,0,0,1,0,0,0,0,1,0,0,0,0,1,0,1
1308,333,0,0,0,0,0,0,0,0,0,0,0,0,0,1,0,0
1308,334,0,0,0,0,0,0,0,0,0,0,0,0,0,1,0,0
1308,335,0,0,0,0,0,0,0,0,0,0,0,0,0,1,0,0
1309,333,0,0,0,0,0,0,0,0,0,0,0,0,0,1,0,0
1309,334,0,0,0,0,0,0,0,0,0,0,0,0,0,1,0,0
1309,335,0,0,0,0,0,0,0,0,0,0,0,0,0,1,0,0
1310,810,1,0,0,0,0,0,0,0,0,0,0,0,0,0,0,0
1313,679,0,1,0,0,0,0,0,0,0,0,0,0,0,0,0,0
1314,493,0,0,0,1,0,0,1,0,0,0,0,0,0,0,0,1
1372,2367,0,0,0,0,1,0,0,1,0,0,1,0,0,0,0,0
1381,2338,0,0,0,0,1,0,0,1,0,0,1,0,0,0,0,0
1406,2807,0,1,0,0,0,0,0,0,0,0,0,0,0,0,0,0
1419,1470,0,1,0,0,0,0,0,0,0,0,0,0,0,0,0,0
1439,595,0,1,0,0,0,0,0,0,0,0,0,0,0,0,0,0
1467,1314,0,0,0,1,0,0,1,0,0,0,0,0,0,0,0,1
1467,1317,0,0,0,1,0,0,1,0,0,0,0,0,0,0,0,1
1475,1766,0,0,1,0,0,0,0,0,0,0,0,0,0,0,0,0
1479,818,0,0,0,0,1,0,0,1,0,0,0,0,0,1,0,0
1483,189,0,0,1,0,0,0,0,0,0,0,0,0,0,0,0,0
1490,2628,0,0,1,0,0,0,0,0,0,0,0,0,0,0,0,0
1496,827,0,0,0,0,0,1,0,0,1,0,0,0,0,1,0,1
1496,842,0,0,0,1,0,0,1,0,0,0,0,0,0,0,0,1
1497,1032,0,1,0,0,0,0,0,0,0,0,0,0,0,0,0,0
1499,810,0,0,0,0,1,0,0,1,0,0,0,0,0,1,0,0
1509,1525,0,0,0,1,0,0,1,0,0,0,0,0,0,0,0,1
1513,771,0,1,0,0,0,0,0,0,0,0,0,0,0,0,0,0
1513,921,0,0,1,0,0,0,0,0,0,0,0,0,0,0,0,0
1515,560,0,0,0,0,1,0,0,1,0,0,1,0,0,0,0,0
1517,1525,0,0,0,1,0,0,1,0,0,0,0,0,0,0,0,1
1519,3248,0,0,0,0,1,0,0,1,0,0,1,0,0,0,0,0
1528,2021,0,0,0,1,0,0,0,0,1,0,0,0,0,1,0,0
1534,566,0,0,0,0,1,0,0,1,0,0,0,0,0,1,0,0
1534,886,0,0,0,0,1,0,0,0,0,1,0,0,0,0,0,0
1534,2013,0,0,0,1,0,0,1,0,0,0,0,0,0,0,1,0
1535,3255,0,0,0,0,1,0,0,1,0,0,1,0,0,0,0,0
1544,1790,0,0,0,1,0,0,1,0,0,0,0,0,0,0,1,0
1546,1959,0,1,0,0,0,0,0,0,0,0,0,0,0,0,0,0
1549,1790,0,0,0,1,0,0,1,0,0,0,0,0,0,0,1,0
1551,488,0,1,0,0,0,0,0,0,0,0,0,0,0,0,0,0
1552,553,0,0,0,0,0,0,0,0,0,0,0,0,0,1,0,0
1552,555,0,0,0,0,0,0,0,0,0,0,0,0,0,1,0,0
1554,723,0,0,0,1,0,0,1,0,0,0,0,0,0,0,1,0
1554,726,0,0,0,1,0,0,1,0,0,0,0,0,0,0,1,0
1565,888,0,0,0,0,1,0,0,0,0,0,0,0,1,0,0,0
1566,3070,0,0,0,1,0,0,1,0,0,0,0,0,0,0,0,1
1566,3075,0,0,0,1,0,0,1,0,0,0,0,0,0,0,0,1
1571,545,0,0,0,0,1,0,0,1,0,0,0,0,0,1,0,0
1572,953,0,0,0,0,1,0,0,0,0,1,0,0,0,0,0,0
1581,389,0,0,0,0,1,0,0,1,0,0,1,0,0,0,0,0
1584,944,0,0,0,0,1,0,0,0,0,1,0,0,0,0,0,0
1594,896,0,0,0,0,0,1,0,0,0,1,0,0,0,0,0,0
1594,906,0,0,0,0,0,1,0,0,0,0,0,0,1,0,0,0
1595,2182,0,0,1,0,0,0,0,0,0,0,0,0,0,0,0,0
1596,1010,0,0,0,0,0,0,0,0,0,1,0,0,0,0,0,0
1599,2664,0,0,1,0,0,0,0,0,0,0,0,0,0,0,0,0
1601,1823,0,0,1,0,0,0,0,0,0,0,0,0,0,0,0,0
1606,349,0,0,0,0,1,0,0,1,0,0,0,0,0,1,0,0
1606,384,0,0,0,0,1,0,0,1,0,0,0,0,0,1,0,0
1609,1052,0,0,0,1,0,0,0,0,0,0,0,0,1,0,0,0
1609,1059,0,0,0,1,0,0,0,0,0,0,0,0,1,0,0,0
1609,2696,0,0,0,1,0,0,1,0,0,0,0,0,0,0,0,1
1609,2699,0,0,0,1,0,0,0,0,1,0,0,0,0,1,0,1
1612,324,0,0,0,0,1,0,0,1,0,0,0,0,0,1,0,0
1613,911,0,0,0,0,0,1,0,0,0,0,0,0,1,0,0,0
1613,914,0,0,0,1,0,0,0,0,0,0,0,0,1,0,0,0
1620,300,0,0,0,0,1,0,0,1,0,0,0,0,0,1,0,0
1625,1673,0,0,1,0,0,0,0,0,0,0,0,0,0,0,0,0
1628,890,0,0,0,0,1,0,0,0,0,0,0,0,1,0,0,0
1632,2174,0,1,0,0,0,0,0,0,0,0,0,0,0,0,0,0
1635,3181,0,1,0,0,0,0,0,0,0,0,0,0,0,0,0,0
1637,571,0,0,1,0,0,0,0,0,0,0,0,0,0,0,0,0
1638,929,0,0,0,1,0,0,0,0,0,0,0,0,1,0,0,0
1638,2234,0,0,0,1,0,0,1,0,0,0,0,0,0,0,1,0
1640,2230,0,0,0,1,0,0,0,1,0,0,0,0,0,1,0,0
1641,522,0,0,0,0,1,0,0,1,0,0,0,0,0,1,0,0
1646,1079,0,0,0,0,0,0,0,0,0,1,0,0,0,0,0,0
1649,245,0,0,0,1,0,0,1,0,0,0,0,0,0,0,1,0
1649,253,0,0,0,1,0,0,1,0,0,0,0,0,0,0,1,0
1649,929,0,0,0,0,0,1,0,0,0,0,0,0,1,0,0,0
1651,2230,0,0,0,1,0,0,0,1,0,0,1,0,0,0,0,0
1656,505,0,0,0,0,1,0,0,1,0,0,0,0,0,1,0,0
1658,916,0,0,0,0,1,0,0,0,0,1,0,0,0,0,0,0
1659,1119,0,0,0,0,1,0,0,0,0,0,0,0,1,0,0,0
1659,1148,0,0,0,0,1,0,0,0,0,0,0,0,1,0,0,0
1659,1347,0,1,0,0,0,0,0,0,0,0,0,0,0,0,0,0
1661,870,0,0,0,0,0,0,0,0,0,0,0,0,1,0,0,0
1666,2321,0,0,1,0,0,0,0,0,0,0,0,0,0,0,0,0
1667,1078,0,0,0,0,1,0,0,0,0,0,0,0,1,0,0,0
1670,1476,0,1,0,0,0,0,0,0,0,0,0,0,0,0,0,0
1670,1797,0,0,0,1,0,0,0,1,0,0,0,0,0,1,0,0
1670,1800,0,0,0,0,0,1,0,0,1,0,0,0,0,1,0,0
1673,958,0,0,0,0,0,0,0,0,0,0,0,0,1,0,0,0
1673,1824,0,0,0,0,1,0,0,1,0,0,1,0,0,0,0,0
1674,1096,0,0,0,0,0,1,0,0,0,0,0,0,1,0,0,0
1675,1098,0,0,0,0,0,1,0,0,0,0,0,0,1,0,0,0
1675,1099,0,0,0,0,0,0,0,0,0,0,0,0,1,0,0,0
1676,762,0,1,0,0,0,0,0,0,0,0,0,0,0,0,0,0
1676,1098,0,0,0,0,0,1,0,0,0,0,0,0,1,0,0,0
1676,1099,0,0,0,0,0,0,0,0,0,0,0,0,1,0,0,0
1679,2637,0,0,0,1,0,0,1,0,0,0,0,0,0,0,1,0
1679,2651,0,0,0,0,0,1,0,0,1,0,1,0,0,0,0,0
1682,2615,0,0,0,1,0,0,1,0,0,0,0,1,0,0,0,0
1682,2625,0,0,0,1,0,0,1,0,0,0,0,0,0,0,1,0
1685,1118,0,0,0,0,0,1,0,0,0,0,0,0,1,0,0,0
1686,1121,0,0,0,0,0,1,0,0,0,0,0,0,1,0,0,0
1687,1121,0,0,0,0,0,1,0,0,0,0,0,0,1,0,0,0
1693,2674,0,0,0,0,1,0,0,1,0,0,0,0,0,1,0,0
1694,2777,0,1,0,0,0,0,0,0,0,0,0,0,0,0,0,0
1702,2392,0,1,0,0,0,0,0,0,0,0,0,0,0,0,0,0
1703,463,0,1,0,0,0,0,0,0,0,0,0,0,0,0,0,0
1705,3006,0,0,0,1,0,0,1,0,0,0,0,0,0,0,0,1
1707,402,0,1,0,0,0,0,0,0,0,0,0,0,0,0,0,0
1709,2441,0,0,0,0,1,0,0,1,0,0,1,0,0,0,0,0
1709,2478,0,0,0,0,1,0,0,1,0,0,1,0,0,0,0,0
1709,3006,0,0,0,1,0,0,1,0,0,0,0,0,0,0,1,1
1711,3005,0,0,0,1,0,0,1,0,0,0,0,0,0,0,1,0
1714,3005,0,0,0,0,0,1,0,0,1,0,1,0,0,0,0,0
1715,2837,0,1,0,0,0,0,0,0,0,0,0,0,0,0,0,0
1718,2094,0,1,0,0,0,0,0,0,0,0,0,0,0,0,0,0
1719,3027,0,0,0,0,1,0,0,1,0,0,0,0,0,1,0,0
1722,366,0,1,0,0,0,0,0,0,0,0,0,0,0,0,0,0
1722,1892,0,0,0,1,0,0,1,0,0,0,0,0,0,0,0,1
1722,1904,0,0,0,1,0,0,1,0,0,0,0,0,0,0,0,1
1734,2060,0,1,0,0,0,0,0,0,0,0,0,0,0,0,0,0
1742,1564,0,1,0,0,0,0,0,0,0,0,0,0,0,0,0,0
1744,1018,0,1,0,0,0,0,0,0,0,0,0,0,0,0,0,0
1751,3130,0,0,0,1,0,0,1,0,0,0,0,0,0,0,0,1
1751,3135,0,0,0,1,0,0,1,0,0,0,0,0,0,0,0,1
1755,417,0,1,0,0,0,0,0,0,0,0,0,0,0,0,0,0
1760,1617,0,1,0,0,0,0,0,0,0,0,0,0,0,0,0,0
1768,1720,0,1,0,0,0,0,0,0,0,0,0,0,0,0,0,0
1772,3159,0,1,0,0,0,0,0,0,0,0,0,0,0,0,0,0
1774,345,0,0,0,1,0,0,1,0,0,0,0,1,0,0,0,0
1775,343,0,0,0,0,0,1,0,0,1,0,0,0,0,1,0,0
1776,343,0,0,0,0,0,1,0,0,1,0,0,0,0,1,0,0
1777,316,0,0,0,0,1,0,0,1,0,0,0,0,0,1,0,0
1779,3226,0,1,0,0,0,0,0,0,0,0,0,0,0,0,0,0
1790,1749,0,1,0,0,0,0,0,0,0,0,0,0,0,0,0,0
1790,2586,0,1,0,0,0,0,0,0,0,0,0,0,0,0,0,0
1828,857,0,1,0,0,0,0,0,0,0,0,0,0,0,0,0,0
1828,3063,0,1,0,0,0,0,0,0,0,0,0,0,0,0,0,0
1831,2203,0,1,0,0,0,0,0,0,0,0,0,0,0,0,0,0
1858,1076,0,0,0,1,0,0,1,0,0,0,0,0,0,0,0,1
1874,1076,0,0,0,1,0,0,1,0,0,0,0,0,0,0,0,1
1891,956,0,0,0,1,0,0,1,0,0,0,0,0,0,0,0,1
1896,956,0,0,0,0,0,1,0,0,1,0,0,0,0,1,0,1
1901,929,0,0,0,0,0,1,0,0,1,0,0,0,0,1,0,1
1909,929,0,0,0,1,0,0,1,0,0,0,0,0,0,0,0,1
1915,2670,0,1,0,0,0,0,0,0,0,0,0,0,0,0,0,0
1917,1830,0,1,0,0,0,0,0,0,0,0,0,0,0,0,0,0
1918,1876,0,1,0,0,0,0,0,0,0,0,0,0,0,0,0,0
1933,2073,0,1,0,0,0,0,0,0,0,0,0,0,0,0,0,0
1952,1133,0,1,0,0,0,0,0,0,0,0,0,0,0,0,0,0
1986,1950,0,1,0,0,0,0,0,0,0,0,0,0,0,0,0,0
1989,485,0,1,0,0,0,0,0,0,0,0,0,0,0,0,0,0
2017,2389,0,0,0,0,1,0,0,1,0,0,1,0,0,0,0,0
2047,2389,0,0,0,0,0,1,0,0,1,0,0,0,0,1,0,1
2049,2387,0,0,0,1,0,0,1,0,0,0,0,0,0,0,0,1
2058,1975,0,1,0,0,0,0,0,0,0,0,0,0,0,0,0,0
2072,3035,0,1,0,0,0,0,0,0,0,0,0,0,0,0,0,0
2081,2206,0,1,0,0,0,0,0,0,0,0,0,0,0,0,0,0
2097,1691,0,1,0,0,0,0,0,0,0,0,0,0,0,0,0,0
2098,1357,0,0,0,1,0,0,1,0,0,0,0,0,0,0,0,1
2103,1357,0,0,0,1,0,0,1,0,0,0,0,0,0,0,0,1
2103,2838,0,1,0,0,0,0,0,0,0,0,0,0,0,0,0,0
2122,2586,0,1,0,0,0,0,0,0,0,0,0,0,0,0,0,0
2127,1326,0,1,0,0,0,0,0,0,0,0,0,0,0,0,0,0
2127,1967,0,1,0,0,0,0,0,0,0,0,0,0,0,0,0,0
2133,2367,0,1,0,0,0,0,0,0,0,0,0,0,0,0,0,0
2152,2218,0,0,0,1,0,0,1,0,0,0,0,1,0,0,0,0
2152,2227,0,0,0,1,0,0,1,0,0,0,0,0,0,0,1,0
2161,2215,0,0,0,1,0,0,1,0,0,0,0,0,0,0,1,0
2162,2108,0,1,0,0,0,0,0,0,0,0,0,0,0,0,0,0
2179,1422,0,0,0,1,0,0,1,0,0,0,0,0,0,0,0,1
2185,895,0,1,0,0,0,0,0,0,0,0,0,0,0,0,0,0
2186,1422,0,0,0,1,0,0,1,0,0,0,0,0,0,0,0,1
2188,703,0,1,0,0,0,0,0,0,0,0,0,0,0,0,0,0
2196,628,0,1,0,0,0,0,0,0,0,0,0,0,0,0,0,0
2197,1547,0,0,0,1,0,0,1,0,0,0,0,0,0,0,0,1
2206,1552,0,0,0,1,0,0,1,0,0,0,0,0,0,0,0,1
2206,1596,0,1,0,0,0,0,0,0,0,0,0,0,0,0,0,0
2214,2214,0,1,0,0,0,0,0,0,0,0,0,0,0,0,0,0
2244,2114,0,0,0,1,0,0,1,0,0,0,0,0,0,0,1,0
2250,2114,0,0,0,1,0,0,0,0,1,0,0,0,0,1,0,0
2314,1398,0,0,1,0,0,0,0,0,0,0,0,0,0,0,0,0
2335,2790,0,0,1,0,0,0,0,0,0,0,0,0,0,0,0,0
