58,1036,0,0,0,1,0,0,1,0,0,0,0,0,0,0,0,1
67,1036,0,0,0,1,0,0,1,0,0,0,0,0,0,0,0,1
75,1934,0,1,0,0,0,0,0,0,0,0,0,0,0,0,0,0
79,2637,0,1,0,0,0,0,0,0,0,0,0,0,0,0,0,0
94,1666,0,1,0,0,0,0,0,0,0,0,0,0,0,0,0,0
94,1731,0,1,0,0,0,0,0,0,0,0,0,0,0,0,0,0
103,1428,0,1,0,0,0,0,0,0,0,0,0,0,0,0,0,0
103,1480,0,1,0,0,0,0,0,0,0,0,0,0,0,0,0,0
144,2031,0,1,0,0,0,0,0,0,0,0,0,0,0,0,0,0
146,1804,0,1,0,0,0,0,0,0,0,0,0,0,0,0,0,0
151,2224,0,1,0,0,0,0,0,0,0,0,0,0,0,0,0,0
154,2966,0,1,0,0,0,0,0,0,0,0,0,0,0,0,0,0
166,1106,0,1,0,0,0,0,0,0,0,0,0,0,0,0,0,0
188,1953,0,0,0,0,0,0,0,0,0,0,0,0,1,0,0,0
198,2275,0,1,0,0,0,0,0,0,0,0,0,0,0,0,0,0
208,1804,0,0,0,1,0,0,1,0,0,0,0,0,0,0,0,1
209,1998,0,0,0,0,1,0,0,0,0,1,0,0,0,0,0,0
210,1973,0,0,0,0,0,1,0,0,0,0,0,0,1,0,0,0
214,1804,0,0,0,1,0,0,1,0,0,0,0,0,0,0,0,1
221,1971,0,0,0,1,0,0,0,0,0,1,0,0,0,0,0,0
265,2950,0,1,0,0,0,0,0,0,0,0,0,0,0,0,0,0
266,2771,0,0,0,0,0,0,0,0,0,1,0,0,0,0,0,0
270,451,0,1,0,0,0,0,0,0,0,0,0,0,0,0,0,0
275,2805,0,0,0,0,1,0,0,0,0,0,0,0,1,0,0,0
276,1167,0,0,0,0,0,0,0,0,0,1,0,0,0,0,0,0
276,1682,0,0,0,0,0,0,0,0,0,0,0,0,0,1,0,0
276,1684,0,0,0,0,0,0,0,0,0,0,0,0,0,1,0,0
278,1130,0,0,0,0,1,0,0,0,0,0,0,0,1,0,0,0
279,860,0,0,0,1,0,0,1,0,0,0,0,0,0,0,0,1
286,613,0,1,0,0,0,0,0,0,0,0,0,0,0,0,0,0
286,754,0,0,0,1,0,0,1,0,0,0,0,0,0,0,0,1
288,758,0,0,0,1,0,0,1,0,0,0,0,0,0,0,0,1
288,860,0,0,0,1,0,0,1,0,0,0,0,0,0,0,0,1
290,2810,0,0,0,0,1,0,0,0,0,0,0,0,1,0,0,0
297,1099,0,0,0,0,1,0,0,0,0,0,0,0,1,0,0,0
297,1123,0,0,0,0,1,0,0,0,0,1,0,0,0,0,0,0
299,2866,0,0,0,0,0,0,0,0,0,1,0,0,0,0,0,0
302,3082,0,1,0,0,0,0,0,0,0,0,0,0,0,0,0,0
311,2186,0,0,0,0,0,1,0,0,1,0,0,0,0,1,0,0
312,2094,0,0,0,1,0,0,1,0,0,0,0,0,0,0,1,0
312,2106,0,0,0,1,0,0,1,0,0,0,0,0,0,0,1,0
312,2186,0,0,0,0,0,1,0,0,1,0,0,0,0,1,0,0
313,2188,0,0,0,1,0,0,1,0,0,0,0,1,0,0,0,0
320,2420,0,0,0,0,0,0,0,0,0,1,0,0,0,0,0,0
338,2381,0,0,0,0,0,0,0,0,0,0,0,0,1,0,0,0
346,1212,0,0,0,0,1,0,0,1,0,0,1,0,0,0,0,0
346,1242,0,0,0,0,1,0,0,1,0,0,0,0,0,1,0,0
360,1273,0,1,0,0,0,0,0,0,0,0,0,0,0,0,0,0
363,2364,0,0,0,1,0,0,0,0,0,1,0,0,0,0,0,0
366,2364,0,0,0,1,0,0,0,0,0,0,0,0,1,0,0,0
381,1388,0,1,0,0,0,0,0,0,0,0,0,0,0,0,0,0
385,1021,0,1,0,0,0,0,0,0,0,0,0,0,0,0,0,0
397,697,0,1,0,0,0,0,0,0,0,0,0,0,0,0,0,0
401,2372,0,0,0,0,0,0,0,0,0,0,0,0,1,0,0,0
423,2127,0,1,0,0,0,0,0,0,0,0,0,0,0,0,0,0
435,483,0,1,0,0,0,0,0,0,0,0,0,0,0,0,0,0
436,2878,0,0,0,1,0,0,1,0,0,0,0,0,0,0,0,1
454,2878,0,0,0,1,0,0,1,0,0,0,0,0,0,0,0,1
461,1489,0,1,0,0,0,0,0,0,0,0,0,0,0,0,0,0
463,502,0,0,0,1,0,0,1,0,0,0,0,0,0,0,0,1
463,505,0,0,0,1,0,0,1,0,0,0,0,0,0,0,0,1
467,1141,0,0,0,1,0,0,1,0,0,0,0,0,0,0,0,1
467,1145,0,0,0,1,0,0,1,0,0,0,0,0,0,0,0,1
478,916,0,1,0,0,0,0,0,0,0,0,0,0,0,0,0,0
487,3220,0,0,0,1,0,0,0,0,0,0,0,0,1,0,0,0
494,1646,0,1,0,0,0,0,0,0,0,0,0,0,0,0,0,0
496,2687,0,1,0,0,0,0,0,0,0,0,0,0,0,0,0,0
503,3211,0,0,0,0,0,1,0,0,0,0,0,0,1,0,0,0
503,3218,0,0,0,1,0,0,0,0,0,1,0,0,0,0,0,0
508,3191,0,0,0,0,1,0,0,0,0,1,0,0,0,0,0,0
517,2745,0,0,0,0,1,0,0,1,0,0,1,0,0,0,0,0
536,2759,0,0,0,0,1,0,0,1,0,0,1,0,0,0,0,0
538,893,0,0,0,1,0,0,1,0,0,0,0,0,0,0,0,1
542,2434,0,1,0,0,0,0,0,0,0,0,0,0,0,0,0,0
544,893,0,0,0,1,0,0,1,0,0,0,0,0,0,0,0,1
545,1450,0,1,0,0,0,0,0,0,0,0,0,0,0,0,0,0
587,656,0,0,0,0,1,0,0,0,0,0,0,0,1,0,0,0
589,2172,0,1,0,0,0,0,0,0,0,0,0,0,0,0,0,0
592,1021,0,0,0,1,0,0,1,0,0,0,0,0,0,0,0,1
595,1021,0,0,0,1,0,0,1,0,0,0,0,0,0,0,0,1
602,581,0,0,0,0,0,0,0,0,0,1,0,0,0,0,0,0
602,651,0,0,0,0,1,0,0,0,0,0,0,0,1,0,0,0
615,3048,0,1,0,0,0,0,0,0,0,0,0,0,0,0,0,0
623,651,0,0,0,0,1,0,0,0,0,1,0,0,0,0,0,0
692,1221,0,0,0,0,1,0,0,1,0,0,1,0,0,0,0,0
696,1254,0,0,0,0,1,0,0,1,0,0,1,0,0,0,0,0
702,868,0,1,0,0,0,0,0,0,0,0,0,0,0,0,0,0
707,1583,0,1,0,0,0,0,0,0,0,0,0,0,0,0,0,0
708,1717,0,1,0,0,0,0,0,0,0,0,0,0,0,0,0,0
712,2168,0,1,0,0,0,0,0,0,0,0,0,0,0,0,0,0
717,379,0,1,0,0,0,0,0,0,0,0,0,0,0,0,0,0
721,326,0,0,0,1,0,0,1,0,0,0,0,0,0,0,0,1
721,337,0,0,0,1,0,0,1,0,0,0,0,0,0,0,0,1
723,1892,0,1,0,0,0,0,0,0,0,0,0,0,0,0,0,0
735,1637,0,1,0,0,0,0,0,0,0,0,0,0,0,0,0,0
736,1855,0,1,0,0,0,0,0,0,0,0,0,0,0,0,0,0
741,203,0,1,0,0,0,0,0,0,0,0,0,0,0,0,0,0
761,926,0,1,0,0,0,0,0,0,0,0,0,0,0,0,0,0
766,1331,0,1,0,0,0,0,0,0,0,0,0,0,0,0,0,0
771,2641,0,1,0,0,0,0,0,0,0,0,0,0,0,0,0,0
817,1587,0,0,0,1,0,0,1,0,0,0,0,0,0,0,0,1
819,1165,0,1,0,0,0,0,0,0,0,0,0,0,0,0,0,0
821,1574,0,0,0,1,0,0,1,0,0,0,0,0,0,0,0,1
830,817,0,1,0,0,0,0,0,0,0,0,0,0,0,0,0,0
833,3279,0,1,0,0,0,0,0,0,0,0,0,0,0,0,0,0
873,417,0,1,0,0,0,0,0,0,0,0,0,0,0,0,0,0
873,1820,0,0,0,0,1,0,0,1,0,0,1,0,0,0,0,0
874,2357,0,1,0,0,0,0,0,0,0,0,0,0,0,0,0,0
875,1850,0,0,0,0,0,1,0,0,1,0,0,0,0,1,0,1
875,1854,0,0,0,1,0,0,1,0,0,0,0,0,0,0,0,1
885,817,0,1,0,0,0,0,0,0,0,0,0,0,0,0,0,0
888,1538,0,1,0,0,0,0,0,0,0,0,0,0,0,0,0,0
904,1033,0,1,0,0,0,0,0,0,0,0,0,0,0,0,0,0
920,1340,0,1,0,0,0,0,0,0,0,0,0,0,0,0,0,0
920,1958,0,1,0,0,0,0,0,0,0,0,0,0,0,0,0,0
926,1415,0,1,0,0,0,0,0,0,0,0,0,0,0,0,0,0
966,1684,0,1,0,0,0,0,0,0,0,0,0,0,0,0,0,0
972,2828,1,0,0,0,0,0,0,0,0,0,0,0,0,0,0,0
981,833,0,1,0,0,0,0,0,0,0,0,0,0,0,0,0,0
981,2681,1,0,0,0,0,0,0,0,0,0,0,0,0,0,0,0
981,2752,1,0,0,0,0,0,0,0,0,0,0,0,0,0,0,0
986,2683,1,0,0,0,0,0,0,0,0,0,0,0,0,0,0,0
990,169,0,0,0,0,0,0,0,0,0,0,0,0,1,0,0,0
991,2752,1,0,0,0,0,0,0,0,0,0,0,0,0,0,0,0
1016,1211,0,1,0,0,0,0,0,0,0,0,0,0,0,0,0,0
1022,205,0,0,0,0,0,0,0,0,0,1,0,0,0,0,0,0
1023,244,0,0,0,1,0,0,0,0,0,0,0,0,1,0,0,0
1023,1117,0,0,0,1,0,0,0,0,0,0,0,0,1,0,0,0
1024,1108,0,0,0,1,0,0,0,0,0,1,0,0,0,0,0,0
1026,2757,1,0,0,0,0,0,0,0,0,0,0,0,0,0,0,0
1027,244,0,0,0,0,0,1,0,0,0,0,0,0,1,0,0,0
1029,275,0,0,0,0,1,0,0,0,0,1,0,0,0,0,0,0
1029,2668,1,0,0,0,0,0,0,0,0,0,0,0,0,0,0,0
1030,1108,0,0,0,1,0,0,0,0,0,0,0,0,1,0,0,0
1032,1095,0,0,0,1,0,0,0,0,0,1,0,0,0,0,0,0
1050,2764,1,0,0,0,0,0,0,0,0,0,0,0,0,0,0,0
1053,2976,1,0,0,0,0,0,0,0,0,0,0,0,0,0,0,0
1055,2922,1,0,0,0,0,0,0,0,0,0,0,0,0,0,0,0
1055,2940,1,0,0,0,0,0,0,0,0,0,0,0,0,0,0,0
1081,2635,1,0,0,0,0,0,0,0,0,0,0,0,0,0,0,0
1081,2949,1,0,0,0,0,0,0,0,0,0,0,0,0,0,0,0
1084,1064,0,1,0,0,0,0,0,0,0,0,0,0,0,0,0,0
1091,2997,1,0,0,0,0,0,0,0,0,0,0,0,0,0,0,0
1097,2828,1,0,0,0,0,0,0,0,0,0,0,0,0,0,0,0
1103,2825,1,0,0,0,0,0,0,0,0,0,0,0,0,0,0,0
1103,2827,1,0,0,0,0,0,0,0,0,0,0,0,0,0,0,0
1109,2823,1,0,0,0,0,0,0,0,0,0,0,0,0,0,0,0
1110,3057,0,1,0,0,0,0,0,0,0,0,0,0,0,0,0,0
1110,3147,0,1,0,0,0,0,0,0,0,0,0,0,0,0,0,0
1122,2694,1,0,0,0,0,0,0,0,0,0,0,0,0,0,0,0
1131,2881,1,0,0,0,0,0,0,0,0,0,0,0,0,0,0,0
1134,2702,1,0,0,0,0,0,0,0,0,0,0,0,0,0,0,0
1146,2827,1,0,0,0,0,0,0,0,0,0,0,0,0,0,0,0
1156,2774,1,0,0,0,0,0,0,0,0,0,0,0,0,0,0,0
1160,222,0,1,0,0,0,0,0,0,0,0,0,0,0,0,0,0
1160,2773,1,0,0,0,0,0,0,0,0,0,0,0,0,0,0,0
1161,887,0,1,0,0,0,0,0,0,0,0,0,0,0,0,0,0
1173,2659,1,0,0,0,0,0,0,0,0,0,0,0,0,0,0,0
1186,1305,0,1,0,0,0,0,0,0,0,0,0,0,0,0,0,0
1189,520,0,1,0,0,0,0,0,0,0,0,0,0,0,0,0,0
1190,2775,1,0,0,0,0,0,0,0,0,0,0,0,0,0,0,0
1190,2802,1,0,0,0,0,0,0,0,0,0,0,0,0,0,0,0
1193,2773,1,0,0,0,0,0,0,0,0,0,0,0,0,0,0,0
1203,2145,0,1,0,0,0,0,0,0,0,0,0,0,0,0,0,0
1216,2076,0,1,0,0,0,0,0,0,0,0,0,0,0,0,0,0
1219,1122,0,0,0,1,0,0,1,0,0,0,0,1,0,0,0,0
1220,2771,1,0,0,0,0,0,0,0,0,0,0,0,0,0,0,0
1222,1116,0,0,0,1,0,0,1,0,0,0,0,1,0,0,0,0
1225,2739,1,0,0,0,0,0,0,0,0,0,0,0,0,0,0,0
1236,2773,1,0,0,0,0,0,0,0,0,0,0,0,0,0,0,0
1239,694,0,1,0,0,0,0,0,0,0,0,0,0,0,0,0,0
1247,3336,0,1,0,0,0,0,0,0,0,0,0,0,0,0,0,0
1258,2866,1,0,0,0,0,0,0,0,0,0,0,0,0,0,0,0
1259,2866,1,0,0,0,0,0,0,0,0,0,0,0,0,0,0,0
1259,2867,1,0,0,0,0,0,0,0,0,0,0,0,0,0,0,0
1276,2279,0,0,0,0,1,0,0,1,0,0,1,0,0,0,0,0
1276,2302,0,0,0,0,1,0,0,1,0,0,1,0,0,0,0,0
1289,1188,0,1,0,0,0,0,0,0,0,0,0,0,0,0,0,0
1300,3250,0,1,0,0,0,0,0,0,0,0,0,0,0,0,0,0
1334,784,0,1,0,0,0,0,0,0,0,0,0,0,0,0,0,0
1353,1393,0,0,0,0,0,1,0,0,0,0,0,0,1,0,0,0
1353,1395,0,0,0,0,0,0,0,0,0,0,0,0,1,0,0,0
1355,1395,0,0,0,0,0,1,0,0,0,1,0,0,0,0,0,0
1366,2666,0,1,0,0,0,0,0,0,0,0,0,0,0,0,0,0
1372,1626,0,1,0,0,0,0,0,0,0,0,0,0,0,0,0,0
1378,2167,0,1,0,0,0,0,0,0,0,0,0,0,0,0,0,0
1379,838,0,1,0,0,0,0,0,0,0,0,0,0,0,0,0,0
1381,1411,0,0,0,0,0,0,0,0,0,1,0,0,0,0,0,0
1393,2201,0,1,0,0,0,0,0,0,0,0,0,0,0,0,0,0
1408,586,0,0,0,1,0,0,0,0,0,0,0,0,1,0,0,0
1413,578,0,0,0,1,0,0,0,0,0,0,0,0,1,0,0,0
1423,523,0,0,0,0,0,0,0,0,0,0,0,0,1,0,0,0
1423,2304,0,1,0,0,0,0,0,0,0,0,0,0,0,0,0,0
1425,523,0,0,0,0,0,0,0,0,0,0,0,0,1,0,0,0
1425,947,0,1,0,0,0,0,0,0,0,0,0,0,0,0,0,0
1467,1869,0,1,0,0,0,0,0,0,0,0,0,0,0,0,0,0
1490,547,0,1,0,0,0,0,0,0,0,0,0,0,0,0,0,0
1530,561,0,1,0,0,0,0,0,0,0,0,0,0,0,0,0,0
1532,1455,0,1,0,0,0,0,0,0,0,0,0,0,0,0,0,0
1539,1411,0,0,0,1,0,0,1,0,0,0,0,0,0,0,0,1
1539,1416,0,0,0,1,0,0,1,0,0,0,0,0,0,0,0,1
1551,3066,0,1,0,0,0,0,0,0,0,0,0,0,0,0,0,0
1577,1539,0,1,0,0,0,0,0,0,0,0,0,0,0,0,0,0
1578,955,0,1,0,0,0,0,0,0,0,0,0,0,0,0,0,0
1579,2817,0,1,0,0,0,0,0,0,0,0,0,0,0,0,0,0
1581,3031,0,1,0,0,0,0,0,0,0,0,0,0,0,0,0,0
1585,878,0,0,0,1,0,0,1,0,0,0,0,0,0,0,0,1
1588,1947,0,0,0,1,0,0,0,0,0,0,0,0,1,0,0,0
1589,878,0,0,0,1,0,0,1,0,0,0,0,0,0,0,0,1
1591,1906,0,0,0,0,1,0,0,0,0,1,0,0,0,0,0,0
1591,1938,0,0,0,0,0,1,0,0,0,0,0,0,1,0,0,0
1616,1080,0,0,0,1,0,0,0,0,0,1,0,0,0,0,0,0
1616,1083,0,0,0,0,0,1,0,0,0,0,0,0,1,0,0,0
1617,795,0,1,0,0,0,0,0,0,0,0,0,0,0,0,0,0
1617,1839,0,0,0,0,0,0,0,0,0,0,0,0,1,0,0,0
1617,1841,0,0,0,0,0,0,0,0,0,0,0,0,1,0,0,0
1625,1096,0,0,0,0,1,0,0,0,0,0,0,0,1,0,0,0
1633,1659,0,0,0,0,0,0,0,0,0,1,0,0,0,0,0,0
1633,1720,0,0,0,1,0,0,0,0,0,0,0,0,1,0,0,0
1634,1726,0,0,0,1,0,0,0,0,0,0,0,0,1,0,0,0
1641,1146,0,0,0,0,0,0,0,0,0,0,0,0,1,0,0,0
1649,1590,0,0,0,1,0,0,0,0,0,0,0,0,1,0,0,0
1653,1345,0,1,0,0,0,0,0,0,0,0,0,0,0,0,0,0
1653,1466,0,1,0,0,0,0,0,0,0,0,0,0,0,0,0,0
1654,1300,0,1,0,0,0,0,0,0,0,0,0,0,0,0,0,0
1655,1590,0,0,0,1,0,0,0,0,0,0,0,0,1,0,0,0
1658,2817,0,1,0,0,0,0,0,0,0,0,0,0,0,0,0,0
1693,1123,0,1,0,0,0,0,0,0,0,0,0,0,0,0,0,0
1706,644,0,1,0,0,0,0,0,0,0,0,0,0,0,0,0,0
1716,593,0,0,0,1,0,0,1,0,0,0,0,0,0,0,0,1
1716,596,0,0,0,1,0,0,1,0,0,0,0,0,0,0,0,1
1727,1317,0,1,0,0,0,0,0,0,0,0,0,0,0,0,0,0
1732,507,0,0,0,1,0,0,1,0,0,0,0,0,0,0,1,0
1732,510,0,0,0,1,0,0,1,0,0,0,0,1,0,0,0,0
1739,445,0,1,0,0,0,0,0,0,0,0,0,0,0,0,0,0
1749,1754,0,0,0,1,0,0,1,0,0,0,0,1,0,0,0,0
1749,1772,0,0,0,1,0,0,1,0,0,0,0,1,0,0,0,0
1749,1861,0,1,0,0,0,0,0,0,0,0,0,0,0,0,0,0
1751,1925,0,1,0,0,0,0,0,0,0,0,0,0,0,0,0,0
1791,2017,0,1,0,0,0,0,0,0,0,0,0,0,0,0,0,0
1792,407,0,1,0,0,0,0,0,0,0,0,0,0,0,0,0,0
1836,412,0,1,0,0,0,0,0,0,0,0,0,0,0,0,0,0
1850,1139,0,1,0,0,0,0,0,0,0,0,0,0,0,0,0,0
1861,1538,0,1,0,0,0,0,0,0,0,0,0,0,0,0,0,0
1892,810,0,1,0,0,0,0,0,0,0,0,0,0,0,0,0,0
1895,1167,0,1,0,0,0,0,0,0,0,0,0,0,0,0,0,0
1937,1235,0,1,0,0,0,0,0,0,0,0,0,0,0,0,0,0
1956,1167,0,1,0,0,0,0,0,0,0,0,0,0,0,0,0,0
1978,3044,0,1,0,0,0,0,0,0,0,0,0,0,0,0,0,0
1979,2806,0,1,0,0,0,0,0,0,0,0,0,0,0,0,0,0
1998,2106,0,1,0,0,0,0,0,0,0,0,0,0,0,0,0,0
2011,2593,0,1,0,0,0,0,0,0,0,0,0,0,0,0,0,0
2011,2650,0,1,0,0,0,0,0,0,0,0,0,0,0,0,0,0
2048,2312,0,1,0,0,0,0,0,0,0,0,0,0,0,0,0,0
2068,691,0,0,0,0,0,0,0,0,0,1,0,0,0,0,0,0
2068,693,0,0,0,0,0,0,0,0,0,1,0,0,0,0,0,0
2071,650,0,0,0,0,0,0,0,0,0,0,0,0,1,0,0,0
2072,650,0,0,0,0,0,0,0,0,0,1,0,0,0,0,0,0
2072,651,0,0,0,0,0,0,0,0,0,0,0,0,1,0,0,0
2076,1066,0,0,0,0,0,0,0,0,0,1,0,0,0,0,0,0
2077,998,0,0,0,0,0,0,0,0,0,1,0,0,0,0,0,0
2086,1670,0,1,0,0,0,0,0,0,0,0,0,0,0,0,0,0
2106,1867,0,1,0,0,0,0,0,0,0,0,0,0,0,0,0,0
2110,1124,0,0,0,0,0,1,0,0,0,0,0,0,1,0,0,0
2110,1126,0,0,0,0,0,0,0,0,0,0,0,0,1,0,0,0
2112,1126,0,0,0,0,0,1,0,0,0,0,0,0,1,0,0,0
2113,1126,0,0,0,0,0,0,0,0,0,0,0,0,1,0,0,0
2115,1127,0,0,0,0,0,0,0,0,0,0,0,0,1,0,0,0
2115,1128,0,0,0,0,0,0,0,0,0,0,0,0,1,0,0,0
2116,1127,0,0,0,0,0,0,0,0,0,0,0,0,1,0,0,0
2116,1128,0,0,0,0,0,0,0,0,0,0,0,0,1,0,0,0
2119,1128,0,0,0,0,0,0,0,0,0,0,0,0,1,0,0,0
2119,1129,0,0,0,0,0,0,0,0,0,0,0,0,1,0,0,0
2120,2271,0,0,0,0,0,0,0,0,0,0,0,0,0,1,0,0
2120,2273,0,0,0,0,0,0,0,0,0,0,0,0,0,1,0,0
2159,2334,0,1,0,0,0,0,0,0,0,0,0,0,0,0,0,0
2182,1888,0,1,0,0,0,0,0,0,0,0,0,0,0,0,0,0
2186,2886,0,0,0,0,1,0,0,0,0,0,0,0,1,0,0,0
2186,2910,0,0,0,0,1,0,0,0,0,0,0,0,1,0,0,0
2189,1490,0,1,0,0,0,0,0,0,0,0,0,0,0,0,0,0
2193,1760,0,0,0,1,0,0,1,0,0,0,0,0,0,0,0,1
2193,1764,0,0,0,1,0,0,1,0,0,0,0,0,0,0,0,1
2197,1303,0,0,0,0,1,0,0,0,0,1,0,0,0,0,0,0
2197,1332,0,1,0,0,1,0,0,0,0,0,0,0,0,0,0,0
2199,2840,0,0,0,0,0,0,0,0,0,1,0,0,0,0,0,0
2217,1235,0,0,0,1,0,0,0,0,0,0,0,0,1,0,0,0
2217,1241,0,0,0,1,0,0,0,0,0,0,0,0,1,0,0,0
2225,1200,0,0,0,0,0,0,0,0,0,1,0,0,0,0,0,0
2229,2592,0,1,0,0,0,0,0,0,0,0,0,0,0,0,0,0
2229,2917,0,0,0,0,0,0,0,0,0,1,0,0,0,0,0,0
2230,1637,0,1,0,0,0,0,0,0,0,0,0,0,0,0,0,0
2264,1310,0,0,0,0,0,0,0,0,0,1,0,0,0,0,0,0
2277,1806,0,1,0,0,0,0,0,0,0,0,0,0,0,0,0,0
2316,2182,0,1,0,0,0,0,0,0,0,0,0,0,0,0,0,0
2327,911,0,1,0,0,0,0,0,0,0,0,0,0,0,0,0,0
2336,1311,0,1,0,0,0,0,0,0,0,0,0,0,0,0,0,0
