58,212,0,1,0,0,0,0,0,0,0,0,0,0,0,0,0,0
65,317,0,0,0,1,0,0,1,0,0,0,0,0,0,0,0,1
67,307,0,0,0,0,0,1,0,0,1,0,0,0,0,1,0,1
76,254,0,1,0,0,0,0,0,0,0,0,0,0,0,0,0,0
84,305,0,0,0,0,0,1,0,0,1,0,1,0,0,0,0,0
84,374,0,1,0,0,0,0,0,0,0,0,0,0,0,0,0,0
87,319,0,0,0,1,0,0,1,0,0,0,0,1,0,0,0,0
100,170,0,0,0,1,0,0,1,0,0,0,0,1,0,0,0,0
100,279,0,1,0,0,0,0,0,0,0,0,0,0,0,0,0,0
101,174,0,0,0,0,0,1,1,0,0,0,0,1,0,0,0,0
101,408,0,0,0,0,1,0,0,1,0,0,1,0,0,0,0,0
108,236,0,0,0,1,0,0,1,0,0,0,0,0,0,0,0,1
110,231,0,0,0,0,0,1,0,0,1,0,0,0,0,1,0,1
110,390,0,0,0,0,1,0,0,1,0,0,1,0,0,0,0,0
111,231,0,0,0,0,0,1,0,0,1,0,0,0,0,1,0,0
114,354,0,1,0,0,0,0,0,0,0,0,0,0,0,0,0,0
123,308,0,1,0,0,0,0,0,0,0,0,0,0,0,0,0,0
124,247,0,1,0,0,0,0,0,0,0,0,0,0,0,0,0,0
126,195,0,0,0,1,0,0,1,0,0,0,0,0,0,0,1,0
130,450,0,0,0,0,0,0,0,0,0,0,0,0,0,1,0,0
130,452,0,0,0,0,0,0,0,0,0,0,0,0,0,1,0,0
131,195,0,0,0,1,0,0,1,0,0,0,0,1,0,0,1,0
131,211,0,0,0,1,0,0,1,0,0,0,0,1,0,0,0,0
134,175,0,0,0,0,0,1,0,0,0,1,0,0,0,0,0,0
134,182,0,0,0,1,0,0,0,0,0,0,0,0,1,0,0,0
136,371,0,0,0,1,0,0,1,0,0,0,0,0,0,0,1,0
138,374,0,0,0,1,0,0,1,0,0,0,0,1,0,0,1,0
143,463,0,0,0,1,0,0,1,0,0,0,0,0,0,0,1,0
146,169,0,0,0,0,0,1,0,0,0,0,0,0,1,0,0,0
146,170,0,0,0,0,0,1,0,0,0,0,0,0,1,0,0,0
146,371,0,0,0,1,0,0,1,0,0,0,0,0,0,0,1,0
147,169,0,0,0,0,0,1,0,0,0,0,0,0,1,0,0,0
147,170,0,0,0,0,0,1,0,0,0,0,0,0,1,0,0,0
147,183,0,1,0,1,0,0,0,0,0,0,0,0,0,0,0,0
147,452,0,0,0,0,0,1,0,0,1,0,1,0,0,0,0,0
148,167,0,0,0,0,1,0,0,0,0,0,0,0,1,0,0,0
148,177,0,0,0,0,0,1,0,0,0,0,0,0,1,0,0,0
148,179,0,0,0,0,0,1,0,0,0,0,0,0,1,0,0,0
151,155,0,0,0,0,0,1,0,1,0,0,0,0,0,1,0,0
159,266,0,0,0,1,0,0,1,0,0,0,0,1,0,0,0,0
160,243,0,0,0,1,0,0,0,0,0,0,0,0,1,0,0,0
161,241,0,0,0,1,0,0,0,0,0,0,0,0,1,0,0,0
165,203,0,0,0,0,1,0,0,1,0,0,1,0,0,0,0,0
165,231,0,0,0,0,1,0,0,0,0,0,0,0,1,0,0,0
165,341,0,0,0,0,1,0,0,1,0,0,1,0,0,0,0,0
166,228,0,0,0,0,0,1,0,0,0,0,0,0,1,0,0,0
166,238,0,0,0,0,1,0,0,0,0,1,0,0,0,0,0,0
166,242,0,0,0,0,0,1,0,0,0,1,0,0,0,0,0,0
167,424,0,0,0,1,0,0,1,0,0,0,0,0,0,0,0,1
167,430,0,0,0,1,0,0,1,0,0,0,0,0,0,0,0,1
170,228,0,0,0,0,0,1,0,0,0,0,0,0,1,0,0,0
170,263,0,0,0,0,0,1,0,0,1,0,1,0,0,0,0,0
171,155,0,0,0,0,0,0,0,0,0,0,1,0,0,0,0,0
173,155,0,0,0,0,0,1,0,0,1,0,0,0,0,1,0,0
176,148,0,0,0,0,0,1,1,0,0,0,0,0,0,0,1,0
182,205,0,0,0,0,0,1,0,0,1,0,0,0,0,1,0,0
182,208,0,0,0,0,0,1,0,0,1,0,0,0,0,1,0,0
188,274,0,0,0,0,1,0,0,1,0,0,1,0,0,0,0,0
190,132,0,0,0,0,0,1,0,0,0,0,0,0,1,0,0,0
191,132,0,0,0,0,0,1,0,0,0,0,0,0,1,0,0,0
191,292,0,0,0,0,1,0,0,1,0,0,1,0,0,0,0,0
191,311,0,0,0,0,1,0,0,1,0,0,1,0,0,0,0,0
191,339,0,0,0,0,0,1,0,0,1,0,1,0,0,0,0,0
193,130,0,0,0,0,1,0,0,0,0,0,0,0,1,0,0,0
193,461,0,0,0,1,0,0,0,0,0,1,0,0,0,0,0,0
194,127,0,0,0,0,0,1,0,0,0,0,0,0,1,0,0,0
194,385,0,0,0,1,0,0,0,0,0,1,0,0,0,0,0,0
195,346,0,0,0,0,0,1,0,0,1,0,0,0,0,1,0,0
196,390,0,0,0,1,0,0,0,0,0,0,0,0,1,0,0,0
198,212,0,0,0,0,1,0,0,1,0,0,1,0,0,0,0,0
200,383,0,0,0,1,0,0,0,0,0,0,0,0,1,0,0,0
201,461,0,0,0,1,0,0,0,0,0,1,0,0,0,0,0,0
202,126,0,0,0,0,0,1,0,0,0,1,0,0,0,0,0,0
206,334,0,0,0,0,1,0,0,1,0,0,1,0,0,0,0,0
206,374,0,0,0,1,0,0,0,0,0,1,0,0,0,0,0,0
206,379,0,0,0,1,0,0,0,0,0,1,0,0,0,0,0,0
209,110,0,1,0,0,1,0,0,0,0,0,0,0,0,0,0,0
209,319,0,0,0,0,1,0,0,1,0,0,0,0,0,1,0,0
210,450,0,0,0,0,0,0,0,0,0,0,0,0,1,0,0,0
210,452,0,0,0,0,0,1,0,0,0,0,0,0,1,0,0,0
210,469,0,0,0,0,0,1,0,0,0,1,0,0,0,0,0,0
213,417,0,0,0,1,0,0,1,0,0,0,0,1,0,0,0,0
214,66,0,1,0,0,0,0,0,0,0,0,0,0,0,0,0,0
214,263,0,0,0,0,0,1,0,0,1,0,0,0,0,1,0,0
214,266,0,0,0,0,0,1,0,0,1,0,0,0,0,1,0,0
214,292,0,0,0,0,0,0,0,0,0,0,0,0,0,1,0,0
216,292,0,0,0,0,0,1,0,0,1,0,0,0,0,1,0,0
218,250,0,0,0,0,1,0,0,1,0,0,1,0,0,0,0,0
219,66,1,0,0,0,0,0,0,0,0,0,0,0,0,0,0,0
219,488,0,0,0,0,0,1,1,0,0,0,0,0,0,0,1,0
221,300,0,0,0,0,0,1,1,0,0,0,0,1,0,0,0,0
221,410,0,0,0,1,0,0,1,0,0,0,0,1,0,0,0,0
222,108,1,0,0,0,0,0,0,0,0,0,0,0,0,0,0,0
222,493,0,0,0,0,0,1,0,0,1,0,0,1,0,0,0,0
223,487,0,0,0,1,0,0,1,0,0,0,0,0,0,0,1,0
224,70,1,0,0,0,0,0,0,0,0,0,0,0,0,0,0,0
225,96,1,0,0,0,0,0,0,0,0,0,0,0,0,0,0,0
227,87,1,0,0,0,0,0,0,0,0,0,0,0,0,0,0,0
228,260,0,0,0,0,0,1,0,0,1,0,0,0,0,1,0,0
228,320,0,0,0,0,0,1,0,0,0,0,0,0,1,0,0,0
231,320,0,0,0,1,0,0,0,0,0,0,0,0,1,0,0,0
231,327,0,0,0,1,0,0,0,0,0,1,0,0,0,0,0,0
231,336,0,0,0,0,0,1,0,0,0,1,0,0,0,0,0,0
231,516,0,0,0,0,1,0,0,1,0,0,0,0,0,1,0,0
232,260,0,0,0,0,0,1,0,0,1,0,0,0,0,1,0,0
236,87,1,0,0,0,0,0,0,0,0,0,0,0,0,0,0,0
245,86,1,0,0,0,0,0,0,0,0,0,0,0,0,0,0,0
246,82,1,0,0,0,0,0,0,0,0,0,0,0,0,0,0,0
247,371,0,0,0,1,0,0,1,0,0,0,0,0,0,0,0,1
250,375,0,0,0,0,0,1,0,0,1,0,0,0,0,1,0,1
252,479,0,0,0,1,0,0,0,0,0,0,0,0,1,0,0,0
253,458,0,0,0,1,0,0,0,0,0,1,0,0,0,0,0,0
253,466,0,0,0,1,0,0,0,0,0,1,0,0,0,0,0,0
253,485,0,0,0,0,0,1,0,0,0,0,0,0,1,0,0,0
253,493,0,0,0,1,0,0,0,0,0,1,0,0,0,0,0,0
254,259,0,0,0,0,1,0,0,1,0,0,1,0,0,0,0,0
254,476,0,0,0,0,0,1,0,0,0,0,0,0,1,0,0,0
256,81,1,0,0,0,0,0,0,0,0,0,0,0,0,0,0,0
256,392,0,0,0,0,1,0,0,1,0,0,1,0,0,0,0,0
257,456,0,0,0,0,0,1,0,0,0,0,0,0,1,0,0,0
262,70,1,0,0,0,0,0,0,0,0,0,0,0,0,0,0,0
262,75,1,0,0,0,0,0,0,0,0,0,0,0,0,0,0,0
267,66,1,0,0,0,0,0,0,0,0,0,0,0,0,0,0,0
269,39,1,0,0,0,0,0,0,0,0,0,0,0,0,0,0,0
269,278,0,0,0,1,0,0,1,0,0,0,0,0,0,0,1,0
270,78,1,0,0,0,0,0,0,0,0,0,0,0,0,0,0,0
270,87,1,0,0,0,0,0,0,0,0,0,0,0,0,0,0,0
270,272,0,0,0,0,0,1,0,0,1,0,1,0,0,0,0,0
270,428,0,1,0,0,1,0,0,0,0,0,0,0,0,0,0,0
272,78,1,0,0,0,0,0,0,0,0,0,0,0,0,0,0,0
272,80,1,0,0,0,0,0,0,0,0,0,0,0,0,0,0,0
272,453,0,1,0,0,0,1,0,0,0,0,0,0,0,0,0,0
274,232,0,1,0,0,0,0,0,0,0,0,0,0,0,0,0,0
278,317,0,0,0,1,0,0,1,0,0,0,0,1,0,0,0,0
278,374,0,0,0,0,1,0,0,1,0,0,1,0,0,0,0,0
279,78,1,0,0,0,0,0,0,0,0,0,0,0,0,0,0,0
281,533,0,1,0,0,0,0,0,0,0,0,0,0,0,0,0,0
282,320,0,0,0,1,0,0,1,0,0,0,0,1,0,0,0,0
285,193,0,1,0,0,0,0,0,0,0,0,0,0,0,0,0,0
285,450,0,0,0,0,0,0,0,0,0,0,0,0,1,0,0,0
285,451,0,0,0,0,0,0,0,0,0,0,0,0,1,0,0,0
285,452,0,0,0,0,0,1,0,0,0,0,0,0,1,0,0,0
286,450,0,0,0,0,0,0,0,0,0,0,0,0,1,0,0,0
286,451,0,0,0,0,0,0,0,0,0,0,0,0,1,0,0,0
286,452,0,0,0,0,0,0,0,0,0,0,0,0,1,0,0,0
295,75,1,0,0,0,0,0,0,0,0,0,0,0,0,0,0,0
297,119,1,0,0,0,0,0,0,0,0,0,0,0,0,0,0,0
299,51,0,0,0,1,0,0,0,0,0,1,0,0,0,0,0,0
303,69,1,0,0,0,0,0,0,0,0,0,0,0,0,0,0,0
305,51,0,0,0,1,0,0,0,0,0,0,0,0,1,0,0,0
305,54,0,0,0,1,0,0,0,0,0,1,0,0,0,0,0,0
308,503,0,0,0,0,0,0,0,0,0,0,0,0,0,1,0,0
309,390,0,0,0,1,0,0,0,0,0,0,0,0,1,0,0,0
310,503,0,0,0,0,0,0,0,0,0,0,0,0,0,1,0,0
311,43,0,0,0,1,0,0,0,0,0,0,0,0,1,0,0,0
312,379,0,0,0,1,0,0,0,0,0,1,0,0,0,0,0,0
314,396,0,0,0,1,0,0,0,0,0,0,0,0,1,0,0,0
314,403,0,1,0,1,0,0,0,0,0,0,0,0,0,0,0,0
319,398,0,0,0,0,0,1,0,0,0,0,0,0,1,0,0,0
328,286,0,0,0,1,0,0,1,0,0,0,0,0,0,0,0,1
335,281,0,0,0,1,0,0,1,0,0,0,0,1,0,0,0,1
336,425,0,0,0,0,1,0,0,1,0,0,1,0,0,0,0,0
338,366,0,0,0,0,1,0,0,1,0,0,1,0,0,0,0,0
340,281,0,0,0,0,0,1,0,0,1,0,1,0,0,0,0,0
342,343,0,0,0,0,0,1,0,0,1,0,0,0,0,1,0,0
342,350,0,0,0,0,0,1,0,0,1,0,0,0,0,1,0,0
344,443,0,0,0,0,0,1,0,0,1,0,1,0,0,0,0,0
348,317,0,0,0,0,1,0,0,1,0,0,1,0,0,0,0,0
351,268,0,0,0,0,1,0,0,1,0,0,1,0,0,0,0,0
351,450,0,0,0,1,0,0,1,0,0,0,0,0,0,0,1,0
354,242,0,0,0,0,0,1,0,0,0,0,0,0,1,0,0,0
354,243,0,0,0,0,0,1,0,0,0,0,0,0,1,0,0,0
357,74,0,0,0,0,1,0,0,1,0,0,1,0,0,0,0,0
359,210,0,0,0,0,0,0,0,0,0,0,1,0,0,0,0,0
359,212,0,0,0,0,0,0,0,0,0,0,0,0,0,1,0,0
359,233,0,0,0,0,0,1,0,0,0,0,0,0,1,0,0,0
361,233,0,0,0,0,0,1,0,0,0,0,0,0,1,0,0,0
361,421,0,0,0,1,0,0,0,0,0,1,0,0,0,0,0,0
362,405,0,0,0,1,0,0,0,0,0,0,0,0,1,0,0,0
362,417,0,0,0,1,0,0,0,0,0,0,0,0,1,0,0,0
363,235,0,0,0,0,1,0,0,0,0,0,0,0,1,0,0,0
363,426,0,0,0,1,0,0,0,0,0,0,0,0,1,0,0,0
365,404,0,1,0,0,0,1,0,0,0,0,0,0,0,0,0,0
366,145,0,0,0,0,1,0,0,1,0,0,1,0,0,0,0,0
366,243,0,0,0,0,1,0,0,0,0,1,0,0,0,0,0,0
369,419,0,0,0,0,0,1,0,0,0,1,0,0,0,0,0,0
373,87,0,0,0,0,1,0,0,1,0,0,1,0,0,0,0,0
373,270,0,0,0,1,0,0,1,0,0,0,0,1,0,0,0,0
374,476,0,1,0,0,0,0,0,0,0,0,0,0,0,0,0,0
376,280,0,0,0,0,1,0,0,1,0,0,1,0,0,0,0,0
376,359,0,0,0,1,0,0,1,0,0,0,0,1,0,0,0,0
383,104,0,0,0,0,1,0,0,1,0,0,1,0,0,0,0,0
384,146,0,0,0,0,0,1,0,0,1,0,0,0,0,1,0,1
384,150,0,0,0,1,0,0,1,0,0,0,0,0,0,0,0,1
385,269,0,0,0,0,0,1,0,0,1,0,1,0,0,0,0,0
386,363,0,0,0,1,0,0,1,0,0,0,0,1,0,0,0,0
389,43,0,1,0,0,0,0,0,0,0,0,0,0,0,0,0,0
390,133,0,0,0,0,1,0,0,1,0,0,1,0,0,0,0,0
396,448,0,1,0,0,0,0,0,0,0,0,0,0,0,0,0,0
397,318,0,1,0,0,0,0,0,0,0,0,0,0,0,0,0,0
401,109,0,0,0,0,1,0,0,1,0,0,1,0,0,0,0,0
402,485,0,1,0,0,0,0,0,0,0,0,0,0,0,0,0,0
407,220,0,0,0,0,1,0,0,1,0,0,1,0,0,0,0,0
408,265,0,0,0,0,1,0,0,1,0,0,1,0,0,0,0,0
420,166,0,0,0,1,0,0,1,0,0,0,0,0,0,0,1,0
427,166,0,0,0,0,0,1,0,0,1,0,1,0,0,0,0,0
427,211,0,0,0,1,0,0,1,0,0,0,0,0,0,0,1,0
427,214,0,0,0,0,0,1,0,0,1,0,0,0,0,1,0,0
434,180,0,0,0,0,1,0,0,1,0,0,0,0,0,1,0,0
434,210,0,0,0,0,0,1,0,0,1,0,1,0,0,0,0,0
439,246,0,0,0,0,1,0,0,1,0,0,1,0,0,0,0,0
439,322,0,0,0,0,1,0,0,1,0,0,1,0,0,0,0,0
439,434,0,0,0,0,1,0,0,1,0,0,1,0,0,0,0,0
440,301,0,0,0,0,0,1,0,0,1,0,0,0,0,1,0,0
441,291,0,0,0,0,0,1,0,0,1,0,0,0,0,1,0,0
445,291,0,0,0,0,0,1,0,0,1,0,1,0,0,0,0,0
447,268,0,0,0,0,0,0,0,0,0,0,1,0,0,0,0,0
447,270,0,0,0,0,0,1,0,0,1,0,0,0,0,1,0,0
448,200,0,0,0,0,1,0,0,1,0,0,1,0,0,0,0,0
448,273,0,0,0,0,0,1,0,0,1,0,0,0,0,1,0,0
450,354,0,0,0,0,0,1,0,0,1,0,0,0,0,1,0,1
450,362,0,0,0,1,0,0,1,0,0,0,0,0,0,0,0,1
455,89,0,0,0,1,0,0,1,0,0,0,0,0,0,0,1,0
458,89,0,0,0,1,0,0,1,0,0,0,0,0,0,0,1,0
461,330,0,0,0,0,1,0,0,1,0,0,1,0,0,0,0,0
461,429,0,0,0,0,1,0,0,1,0,0,1,0,0,0,0,0
471,443,0,0,0,0,1,0,0,1,0,0,1,0,0,0,0,0
480,333,0,0,0,0,0,1,0,0,1,0,1,0,0,0,0,0
487,209,0,0,0,0,1,0,0,1,0,0,1,0,0,0,0,0
492,333,0,0,0,1,0,0,1,0,0,0,0,1,0,0,0,0
493,286,0,0,0,1,0,0,1,0,0,0,0,1,0,0,0,0
497,189,0,0,0,0,1,0,0,1,0,0,1,0,0,0,0,0
506,289,0,0,0,1,0,0,1,0,0,0,0,1,0,0,0,0
507,171,0,0,0,0,1,0,0,1,0,0,1,0,0,0,0,0
518,423,0,1,0,0,0,0,0,0,0,0,0,0,0,0,0,0
523,259,0,0,0,1,0,0,1,0,0,0,0,0,0,0,0,1
523,262,0,0,0,1,0,0,1,0,0,0,0,0,0,0,0,1
544,314,0,0,0,0,0,0,0,0,0,0,0,0,0,1,0,0
544,316,0,0,0,0,0,0,0,0,0,0,0,0,0,1,0,0
