83,289,0,0,0,0,1,0,0,1,0,0,1,0,0,0,0,0
88,310,0,0,0,0,1,0,0,1,0,0,1,0,0,0,0,0
99,367,0,0,0,0,1,0,0,1,0,0,1,0,0,0,0,0
103,186,0,0,0,0,1,0,0,1,0,0,0,0,0,1,0,0
103,207,0,0,0,0,0,1,0,0,1,0,1,0,0,0,0,0
105,209,0,0,0,1,0,0,1,0,0,0,0,0,0,0,0,1
105,213,0,0,0,1,0,0,1,0,0,0,0,0,0,0,1,0
105,340,0,0,0,0,1,0,0,0,0,0,0,0,1,0,0,0
109,226,0,0,0,1,0,0,1,0,0,0,0,1,0,0,0,0
111,208,0,0,0,1,0,0,1,0,0,0,0,0,0,0,0,1
111,356,0,0,0,0,0,1,0,0,0,0,0,0,1,0,0,0
115,388,0,0,0,0,0,1,0,0,1,0,0,0,0,1,0,0
115,391,0,0,0,1,0,0,1,0,0,0,0,1,0,0,0,0
116,352,0,0,0,0,0,1,0,0,0,0,0,0,1,0,0,0
120,352,0,0,0,0,0,1,0,0,0,1,0,0,0,0,0,0
121,382,0,0,0,0,0,1,0,0,1,0,0,0,0,1,0,0
124,347,0,0,0,1,0,0,0,0,0,0,0,0,1,0,0,0
127,347,0,0,0,1,0,0,0,0,0,0,0,0,1,0,0,0
139,376,0,0,0,1,0,0,1,0,0,0,0,0,0,0,1,0
139,398,0,0,0,0,0,1,0,0,1,0,0,0,0,1,0,0
139,453,0,0,0,1,0,0,1,0,0,0,0,0,0,0,0,1
140,393,0,0,0,1,0,0,1,0,0,0,0,1,0,0,0,0
141,454,0,0,0,0,0,1,0,0,1,0,0,0,0,1,0,1
143,382,0,0,0,0,0,1,0,0,1,0,0,0,0,1,0,0
144,168,0,0,0,0,1,0,0,1,0,0,1,0,0,0,0,0
148,372,0,0,0,0,0,1,0,0,1,0,1,0,0,0,0,0
149,468,0,0,0,0,1,0,0,1,0,0,0,0,0,1,0,0
153,142,0,0,0,0,1,0,0,1,0,0,1,0,0,0,0,0
156,419,0,0,0,0,0,1,0,0,1,0,0,0,0,1,0,1
158,180,0,0,0,0,0,1,0,0,1,0,0,0,0,1,0,1
159,458,0,0,0,0,0,0,0,0,0,0,0,0,0,1,0,0
159,459,0,0,0,0,0,0,0,0,0,0,1,0,0,0,0,0
160,107,0,1,0,0,0,0,0,0,0,0,0,0,0,0,0,0
160,458,0,0,0,0,0,0,0,0,0,0,0,0,0,1,0,0
164,180,0,0,0,1,0,0,1,0,0,0,0,0,0,0,0,1
165,419,0,0,0,0,0,1,1,0,0,0,0,0,0,0,0,1
167,278,0,1,0,0,0,0,0,0,0,0,0,0,0,0,0,0
174,135,0,0,0,0,1,0,0,1,0,0,1,0,0,0,0,0
174,376,0,1,0,0,0,0,0,0,0,0,0,0,0,0,0,0
176,419,0,0,0,1,0,0,0,0,0,1,0,0,0,0,0,0
179,431,0,0,0,0,0,1,0,0,0,0,0,0,1,0,0,0
184,432,0,0,0,1,0,0,0,0,0,1,0,0,0,0,0,0
184,436,0,0,0,0,0,1,0,0,0,0,0,0,1,0,0,0
184,438,0,0,0,0,0,1,0,0,0,0,0,0,1,0,0,0
185,312,0,1,0,0,0,0,0,0,0,0,0,0,0,0,0,0
188,46,0,0,0,0,1,0,0,1,0,0,1,0,0,0,0,0
188,442,0,0,0,0,0,1,0,0,0,0,0,0,1,0,0,0
189,442,0,0,0,0,0,1,0,0,0,0,0,0,1,0,0,0
190,456,0,0,0,0,0,1,0,1,0,0,1,0,0,0,0,0
194,68,0,0,0,0,0,0,0,0,0,0,0,0,0,1,0,0
194,266,0,0,0,0,0,0,0,0,0,0,0,0,0,1,0,0
196,68,0,0,0,0,0,0,0,0,0,0,0,0,0,1,0,0
196,264,0,0,0,0,0,0,0,0,0,0,0,0,0,1,0,0
196,266,0,0,0,0,0,0,0,0,0,0,0,0,0,1,0,0
202,134,0,0,0,0,0,1,0,0,1,0,1,0,0,0,0,0
209,130,0,0,0,1,0,0,1,0,0,0,0,1,0,0,0,0
209,242,0,0,0,0,1,0,0,1,0,0,1,0,0,0,0,0
215,57,0,0,0,0,1,0,0,1,0,0,1,0,0,0,0,0
215,124,0,0,0,1,0,0,1,0,0,0,0,1,0,0,1,0
219,316,0,1,0,0,0,0,0,0,0,0,0,0,0,0,0,0
220,365,0,1,0,0,0,0,0,0,0,0,0,0,0,0,0,0
224,522,0,0,0,1,0,0,1,0,0,0,0,1,0,0,0,0
225,462,0,1,0,0,0,0,0,0,0,0,0,0,0,0,0,0
226,126,0,0,0,1,0,0,1,0,0,0,0,1,0,0,0,0
229,185,0,0,0,1,0,0,1,0,0,0,0,1,0,0,0,0
229,286,0,0,0,1,0,0,1,0,0,0,0,1,0,0,0,0
230,180,0,0,0,1,0,0,1,0,0,0,0,1,0,0,0,0
230,190,0,0,0,0,0,1,1,0,0,0,0,1,0,0,0,0
230,519,0,0,0,0,0,1,0,0,1,0,1,0,0,0,0,0
239,123,0,0,0,1,0,0,1,0,0,0,0,1,0,0,0,0
240,286,0,0,0,0,0,0,0,0,0,0,0,0,0,1,0,0
240,287,0,0,0,0,0,1,0,0,1,0,0,0,0,1,0,0
241,532,0,1,0,0,0,0,0,0,0,0,0,0,0,0,0,0
243,530,1,0,0,0,0,0,0,0,0,0,0,0,0,0,0,0
246,504,1,0,0,0,0,0,0,0,0,0,0,0,0,0,0,0
247,501,1,0,0,0,0,0,0,0,0,0,0,0,0,0,0,0
247,512,1,0,0,0,0,0,0,0,0,0,0,0,0,0,0,0
248,220,0,1,0,0,1,0,0,0,0,0,0,0,0,0,0,0
250,521,1,0,0,0,0,0,0,0,0,0,0,0,0,0,0,0
250,527,1,0,0,0,0,0,0,0,0,0,0,0,0,0,0,0
252,36,0,1,0,0,0,0,0,0,0,0,0,0,0,0,0,0
253,527,1,0,0,0,0,0,0,0,0,0,0,0,0,0,0,0
254,202,0,0,0,0,0,1,0,0,0,0,0,0,1,0,0,0
254,204,0,0,0,0,0,0,0,0,0,0,0,0,1,0,0,0
254,521,1,0,0,0,0,0,0,0,0,0,0,0,0,0,0,0
260,196,0,0,0,1,0,0,0,0,0,1,0,0,0,0,0,0
261,160,0,0,0,0,0,1,1,0,0,0,0,0,0,0,1,0
261,495,1,0,0,0,0,0,0,0,0,0,0,0,0,0,0,0
261,505,1,0,0,0,0,0,0,0,0,0,0,0,0,0,0,0
262,184,0,0,0,0,0,1,0,0,0,1,0,0,0,0,0,0
262,191,0,0,0,1,0,0,0,0,0,0,0,0,1,0,0,0
262,502,1,0,0,0,0,0,0,0,0,0,0,0,0,0,0,0
263,151,0,0,0,1,0,0,1,0,0,0,0,0,0,0,1,0
263,379,0,1,0,0,0,0,0,0,0,0,0,0,0,0,0,0
266,496,1,0,0,0,0,0,0,0,0,0,0,0,0,0,0,0
266,501,1,0,0,0,0,0,0,0,0,0,0,0,0,0,0,0
274,214,0,0,0,0,0,1,0,0,0,1,0,0,0,0,0,0
277,224,0,0,0,0,0,1,0,0,0,0,0,0,1,0,0,0
277,225,0,0,0,0,0,0,0,0,0,0,0,0,1,0,0,0
278,224,0,0,0,0,0,0,0,0,0,0,0,0,1,0,0,0
278,225,0,0,0,0,0,0,0,0,0,0,0,0,1,0,0,0
280,487,1,0,0,0,0,0,0,0,0,0,0,0,0,0,0,0
280,494,1,0,0,0,0,0,0,0,0,0,0,0,0,0,0,0
281,53,0,1,0,0,0,0,0,0,0,0,0,0,0,0,0,0
283,495,1,0,0,0,0,0,0,0,0,0,0,0,0,0,0,0
283,503,1,0,0,0,0,0,0,0,0,0,0,0,0,0,0,0
284,404,0,1,0,0,0,0,0,0,0,0,0,0,0,0,0,0
284,527,1,0,0,0,0,0,0,0,0,0,0,0,0,0,0,0
285,505,1,0,0,0,0,0,0,0,0,0,0,0,0,0,0,0
285,509,1,0,0,0,0,0,0,0,0,0,0,0,0,0,0,0
288,523,1,0,0,0,0,0,0,0,0,0,0,0,0,0,0,0
297,511,1,0,0,0,0,0,0,0,0,0,0,0,0,0,0,0
297,517,1,0,0,0,0,0,0,0,0,0,0,0,0,0,0,0
297,520,1,0,0,0,0,0,0,0,0,0,0,0,0,0,0,0
302,327,0,1,0,0,0,0,0,0,0,0,0,0,0,0,0,0
302,516,1,0,0,0,0,0,0,0,0,0,0,0,0,0,0,0
317,463,1,0,0,0,0,0,0,0,0,0,0,0,0,0,0,0
322,498,1,0,0,0,0,0,0,0,0,0,0,0,0,0,0,0
324,466,1,0,0,0,0,0,0,0,0,0,0,0,0,0,0,0
325,184,0,0,0,1,0,0,1,0,0,0,0,0,0,0,1,0
325,405,0,1,0,0,0,0,0,0,0,0,0,0,0,0,0,0
335,99,0,0,0,1,0,0,1,0,0,0,0,0,0,0,1,0
338,85,0,0,0,0,0,1,0,0,1,0,0,0,0,1,0,0
339,185,0,0,0,0,0,1,0,0,1,0,0,0,0,1,0,0
340,473,0,0,0,1,0,0,1,0,0,0,0,1,0,0,0,0
344,104,0,0,0,0,0,1,0,0,1,0,1,0,0,0,0,0
344,498,0,0,0,1,0,0,1,0,0,0,0,1,0,0,1,0
344,503,0,0,0,0,0,1,0,0,1,0,0,0,0,1,0,0
347,209,0,0,0,0,1,0,0,1,0,0,1,0,0,0,0,0
347,473,0,0,0,1,0,0,1,0,0,0,0,1,0,0,1,0
348,356,0,0,0,1,0,0,0,0,0,1,0,0,0,0,0,0
348,365,0,0,0,1,0,0,0,0,0,0,0,0,1,0,0,0
349,27,0,1,0,0,0,0,0,0,0,0,0,0,0,0,0,0
350,351,0,0,0,0,0,0,0,0,0,0,0,0,1,0,0,0
350,352,0,0,0,0,0,1,0,0,0,0,0,0,1,0,0,0
350,488,0,0,0,0,0,1,0,0,1,0,1,0,0,0,0,0
351,351,0,0,0,0,0,0,0,0,0,1,0,0,0,0,0,0
351,352,0,0,0,0,0,0,0,0,0,0,0,0,1,0,0,0
352,235,0,0,0,1,0,0,1,0,0,0,0,0,0,0,0,1
355,88,0,0,0,0,1,0,0,1,0,0,1,0,0,0,0,0
366,503,0,0,0,0,1,0,0,1,0,0,0,0,0,1,0,0
367,233,0,0,0,1,0,0,0,1,0,0,0,0,0,1,0,1
368,228,0,0,0,1,0,0,0,1,0,0,1,0,0,0,0,0
372,445,0,0,0,0,0,0,0,0,0,0,0,0,0,1,0,0
374,445,0,0,0,0,0,0,0,0,0,0,0,0,0,1,0,0
375,467,0,0,0,0,0,1,0,0,1,0,1,0,0,0,0,0
375,478,0,0,0,0,0,1,0,0,1,0,0,0,0,1,0,0
378,321,0,1,0,0,0,0,0,0,0,0,0,0,0,0,0,0
383,203,0,0,0,0,1,0,0,1,0,0,1,0,0,0,0,0
387,343,0,1,0,0,0,0,0,0,0,0,0,0,0,0,0,0
389,261,0,1,0,0,0,0,0,0,0,0,0,0,0,0,0,0
396,197,0,0,0,0,1,0,0,1,0,0,1,0,0,0,0,0
400,93,0,1,0,0,0,0,0,0,0,0,0,0,0,0,0,0
407,461,0,0,0,0,1,0,0,1,0,0,0,0,0,1,0,0
409,62,0,1,0,0,0,0,0,0,0,0,0,0,0,0,0,0
414,429,0,1,0,0,1,0,0,0,0,0,0,0,0,0,0,0
424,406,0,0,0,1,0,0,0,0,0,1,0,0,0,0,0,0
425,414,0,0,0,1,0,0,0,0,0,0,0,0,1,0,0,0
425,421,0,0,0,0,0,1,0,0,0,0,0,0,1,0,0,0
428,396,0,0,0,0,0,1,0,1,0,0,0,0,0,1,0,0
430,219,0,0,0,0,0,1,0,0,0,0,0,0,1,0,0,0
430,220,0,0,0,0,0,1,0,0,0,0,0,0,1,0,0,0
430,412,0,0,0,1,0,0,0,0,0,0,0,0,1,0,0,0
432,220,0,0,0,0,0,1,0,0,0,0,0,0,1,0,0,0
432,221,0,0,0,0,0,1,0,0,0,0,0,0,1,0,0,0
435,221,0,0,0,0,0,1,0,0,0,0,0,0,1,0,0,0
435,222,0,0,0,0,0,1,0,0,0,0,0,0,1,0,0,0
437,222,0,0,0,0,1,0,0,0,0,0,0,0,1,0,0,0
439,406,0,0,0,0,0,1,0,0,0,0,0,0,1,0,0,0
440,222,0,0,0,0,1,0,0,0,0,0,0,0,1,0,0,0
446,222,0,0,0,0,1,0,0,0,0,0,0,0,1,0,0,0
446,225,0,0,0,0,1,0,0,0,0,1,0,0,0,0,0,0
449,225,0,0,0,0,0,1,0,0,0,0,0,0,1,0,0,0
450,382,0,0,0,0,0,1,0,0,1,0,0,0,0,1,0,0
450,386,0,0,0,0,0,1,0,0,1,0,0,0,0,1,0,0
451,161,0,0,0,1,0,0,1,0,0,0,0,1,0,0,0,0
452,389,0,0,0,0,0,1,1,0,0,0,0,1,0,0,1,0
456,158,0,0,0,1,0,0,1,0,0,0,0,0,0,0,0,1
459,158,0,0,0,1,0,0,0,0,1,0,0,0,0,1,0,1
459,298,0,0,0,0,0,0,0,0,0,0,0,0,0,1,0,0
461,298,0,0,0,0,0,1,0,0,1,0,1,0,0,0,0,0
463,304,0,0,0,1,0,0,0,1,0,0,0,0,0,1,0,0
464,364,0,0,0,0,0,1,0,0,1,0,1,0,0,0,0,0
467,364,0,0,0,1,0,0,1,0,0,0,0,0,0,0,0,1
472,233,0,0,0,0,0,1,1,0,0,0,0,0,0,0,1,0
474,235,0,0,0,1,0,0,1,0,0,0,0,0,0,0,1,0
474,440,0,1,0,0,0,0,0,0,0,0,0,0,0,0,0,0
475,360,0,0,0,0,0,1,0,0,1,0,0,0,0,1,0,1
476,304,0,0,0,0,0,1,0,0,1,0,1,0,0,0,0,0
485,331,0,0,0,0,0,0,0,0,0,0,1,0,0,0,0,0
487,331,0,0,0,0,0,1,0,0,1,0,0,0,0,1,0,0
489,330,0,0,0,0,0,1,0,0,1,0,0,0,0,1,0,0
511,360,0,0,0,0,1,0,0,1,0,0,1,0,0,0,0,0
540,382,0,1,0,0,0,0,0,0,0,0,0,0,0,0,0,0
541,299,0,1,0,0,0,0,0,0,0,0,0,0,0,0,0,0
