60,287,0,1,0,0,0,0,0,0,0,0,0,0,0,0,0,0
75,404,0,0,0,0,0,0,0,0,0,0,0,0,0,1,0,0
75,405,0,0,0,0,0,0,0,0,0,0,0,0,0,1,0,0
76,404,0,0,0,0,0,0,0,0,0,0,0,0,0,1,0,0
76,405,0,0,0,0,0,0,0,0,0,0,0,0,0,1,0,0
87,124,0,0,0,0,0,1,0,0,1,0,0,0,0,1,0,1
87,136,0,0,0,1,0,0,1,0,0,0,0,0,0,0,0,1
88,216,0,0,0,1,0,0,1,0,0,0,0,0,0,0,0,1
95,380,0,0,0,1,0,0,1,0,0,0,0,0,0,0,1,0
96,216,0,0,0,1,0,0,1,0,0,0,0,0,0,0,0,1
98,386,0,0,0,1,0,0,1,0,0,0,0,0,0,0,1,0
98,393,0,0,0,0,0,1,0,0,1,0,0,0,0,1,0,0
104,388,0,0,0,1,0,0,1,0,0,0,0,1,0,0,0,0
106,159,0,1,0,0,0,0,0,0,0,0,0,0,0,0,0,0
114,242,0,1,0,0,0,0,0,0,0,0,0,0,0,0,0,0
120,120,0,0,0,0,0,1,0,0,1,0,0,0,0,1,0,0
122,116,0,0,0,0,0,1,0,0,1,0,1,0,0,0,0,0
129,277,0,1,0,0,0,0,0,0,0,0,0,0,0,0,0,0
132,472,0,0,0,0,0,0,0,0,0,0,0,0,0,1,0,0
133,471,0,0,0,0,0,1,0,0,1,0,1,0,0,0,0,0
133,472,0,0,0,0,0,0,0,0,0,0,0,0,0,1,0,0
136,461,0,0,0,1,0,0,1,0,0,0,0,0,0,0,0,1
136,467,0,0,0,1,0,0,1,0,0,0,0,0,0,0,0,1
139,190,0,1,0,0,0,0,0,0,0,0,0,0,0,0,0,0
141,128,0,0,0,0,0,1,0,0,1,0,0,0,0,1,0,0
141,409,0,1,0,1,0,0,0,0,0,0,0,0,0,0,0,0
143,396,0,0,0,0,1,0,0,0,0,0,0,0,1,0,0,0
144,393,0,0,0,0,0,1,0,0,0,0,0,0,1,0,0,0
144,394,0,0,0,0,0,1,0,0,0,0,0,0,1,0,0,0
145,390,0,0,0,0,0,0,0,0,0,0,0,0,1,0,0,0
145,391,0,0,0,0,0,1,0,0,0,0,0,0,1,0,0,0
145,393,0,0,0,0,0,1,0,0,0,0,0,0,1,0,0,0
145,394,0,0,0,0,0,1,0,0,0,0,0,0,1,0,0,0
146,390,0,0,0,0,0,0,0,0,0,0,0,0,1,0,0,0
146,391,0,0,0,0,0,1,0,0,0,0,0,0,1,0,0,0
150,78,0,0,1,0,0,0,0,0,0,0,0,0,0,0,0,0
150,349,0,0,1,0,0,0,0,0,0,0,0,0,0,0,0,0
157,130,0,0,0,1,0,0,0,1,0,0,0,0,0,1,0,0
162,139,0,0,0,1,0,0,0,1,0,0,0,0,0,1,0,0
162,309,0,0,1,0,0,0,0,0,0,0,0,0,0,0,0,0
163,221,0,0,1,0,0,0,0,0,0,0,0,0,0,0,0,0
176,139,0,0,0,1,0,0,0,1,0,0,1,0,0,0,0,0
179,77,0,0,0,0,1,0,0,1,0,0,1,0,0,0,0,0
179,97,0,0,0,0,1,0,0,1,0,0,1,0,0,0,0,0
187,190,0,1,0,0,0,0,0,0,0,0,0,0,0,0,0,0
204,68,0,0,0,1,0,0,1,0,0,0,0,0,0,0,0,1
204,73,0,0,0,1,0,0,1,0,0,0,0,0,0,0,0,1
213,277,0,0,0,0,0,1,0,0,1,0,0,0,0,1,0,0
214,277,0,0,0,0,0,1,0,0,1,0,0,0,0,1,0,0
215,275,0,0,0,1,0,0,1,0,0,0,0,0,0,0,1,0
216,205,0,1,0,0,0,0,0,0,0,0,0,0,0,0,0,0
220,266,0,0,0,0,0,1,1,0,0,0,0,0,0,0,0,1
222,259,0,0,0,0,0,1,1,0,0,0,0,0,0,0,0,1
222,417,0,1,0,0,0,0,0,0,0,0,0,0,0,0,0,0
228,188,1,0,0,0,0,0,0,0,0,0,0,0,0,0,0,0
229,205,1,0,0,0,0,0,0,0,0,0,0,0,0,0,0,0
230,336,0,0,0,1,0,0,1,0,0,0,0,1,0,0,0,0
231,73,0,1,0,0,0,0,0,0,0,0,0,0,0,0,0,0
231,197,1,0,0,0,0,0,0,0,0,0,0,0,0,0,0,0
237,249,0,0,0,0,0,1,0,0,0,0,0,0,1,0,0,0
238,249,0,0,0,0,0,1,0,0,0,1,0,0,0,0,0,0
238,256,0,0,0,0,0,1,0,0,0,0,0,0,1,0,0,0
238,345,0,0,0,0,0,1,0,0,1,0,0,0,0,1,0,0
238,347,0,0,0,0,0,0,0,0,0,0,0,0,0,1,0,0
239,210,1,0,0,0,0,0,0,0,0,0,0,0,0,0,0,0
240,244,0,0,0,0,0,1,0,0,0,0,0,0,1,0,0,0
240,245,0,0,0,0,0,1,0,0,0,0,0,0,1,0,0,0
241,244,0,0,0,0,0,1,0,0,0,0,0,0,1,0,0,0
241,245,0,0,0,0,0,1,0,0,0,0,0,0,1,0,0,0
242,242,0,0,0,1,0,0,0,0,0,0,0,0,1,0,0,0
250,299,0,1,0,0,0,0,0,0,0,0,0,0,0,0,0,0
251,210,1,0,0,0,0,0,0,0,0,0,0,0,0,0,0,0
251,238,1,0,0,0,0,0,0,0,0,0,0,0,0,0,0,0
252,233,1,0,0,0,0,0,0,0,0,0,0,0,0,0,0,0
252,235,1,0,0,0,0,0,0,0,0,0,0,0,0,0,0,0
252,236,1,0,0,0,0,0,0,0,0,0,0,0,0,0,0,0
252,238,1,0,0,0,0,0,0,0,0,0,0,0,0,0,0,0
253,235,1,0,0,0,0,0,0,0,0,0,0,0,0,0,0,0
253,236,1,0,0,0,0,0,0,0,0,0,0,0,0,0,0,0
254,233,1,0,0,0,0,0,0,0,0,0,0,0,0,0,0,0
256,184,1,0,0,0,0,0,0,0,0,0,0,0,0,0,0,0
267,197,1,0,0,0,0,0,0,0,0,0,0,0,0,0,0,0
269,217,1,0,0,0,0,0,0,0,0,0,0,0,0,0,0,0
278,200,1,0,0,0,0,0,0,0,0,0,0,0,0,0,0,0
278,518,0,0,0,0,1,0,0,1,0,0,1,0,0,0,0,0
283,200,1,0,0,0,0,0,0,0,0,0,0,0,0,0,0,0
285,194,1,0,0,0,0,0,0,0,0,0,0,0,0,0,0,0
288,191,1,0,0,0,0,0,0,0,0,0,0,0,0,0,0,0
288,203,1,0,0,0,0,0,0,0,0,0,0,0,0,0,0,0
288,205,1,0,0,0,0,0,0,0,0,0,0,0,0,0,0,0
288,207,1,0,0,0,0,0,0,0,0,0,0,0,0,0,0,0
288,211,1,0,0,0,0,0,0,0,0,0,0,0,0,0,0,0
294,183,1,0,0,0,0,0,0,0,0,0,0,0,0,0,0,0
297,516,0,0,0,0,0,1,0,0,1,0,0,0,0,1,0,0
298,180,1,0,0,0,0,0,0,0,0,0,0,0,0,0,0,0
300,517,0,0,0,0,0,1,0,0,1,0,0,0,0,1,0,0
300,520,0,0,0,1,0,0,1,0,0,0,0,1,0,0,0,0
305,203,1,0,0,0,0,0,0,0,0,0,0,0,0,0,0,0
312,210,1,0,0,0,0,0,0,0,0,0,0,0,0,0,0,0
315,191,1,0,0,0,0,0,0,0,0,0,0,0,0,0,0,0
321,212,1,0,0,0,0,0,0,0,0,0,0,0,0,0,0,0
324,520,0,0,0,0,1,0,0,1,0,0,1,0,0,0,0,0
328,212,1,0,0,0,0,0,0,0,0,0,0,0,0,0,0,0
328,215,1,0,0,0,0,0,0,0,0,0,0,0,0,0,0,0
328,226,1,0,0,0,0,0,0,0,0,0,0,0,0,0,0,0
340,128,0,1,0,0,0,0,0,0,0,0,0,0,0,0,0,0
340,407,0,0,1,0,0,0,0,0,0,0,0,0,0,0,0,0
342,506,0,0,0,0,1,0,0,1,0,0,1,0,0,0,0,0
346,204,0,1,0,0,0,0,0,0,0,0,0,0,0,0,0,0
349,222,0,0,0,1,0,0,1,0,0,0,0,1,0,0,0,0
349,231,0,0,0,1,0,0,1,0,0,0,0,0,0,0,0,1
355,238,0,0,0,1,0,0,0,0,1,0,0,0,0,1,0,1
365,167,0,0,0,0,1,0,0,1,0,0,1,0,0,0,0,0
370,42,0,0,0,0,1,0,0,1,0,0,1,0,0,0,0,0
380,32,0,0,0,0,1,0,0,1,0,0,1,0,0,0,0,0
383,254,0,0,0,0,1,0,0,1,0,0,1,0,0,0,0,0
386,164,0,0,0,0,0,0,0,0,0,0,0,0,0,1,0,0
386,166,0,0,0,0,0,0,0,0,0,0,1,0,0,0,0,0
392,142,0,0,0,0,1,0,0,1,0,0,0,0,0,1,0,0
393,223,0,1,0,0,0,0,0,0,0,0,0,0,0,0,0,0
408,256,0,0,0,0,0,1,0,0,1,0,1,0,0,0,0,0
414,86,0,0,0,1,0,0,0,0,0,1,0,0,0,0,0,0
414,251,0,0,0,1,0,0,1,0,0,0,0,0,0,0,0,1
414,254,0,0,0,1,0,0,1,0,0,0,0,0,0,0,0,1
422,101,0,0,0,1,0,0,0,0,0,0,0,0,1,0,0,0
422,110,0,0,0,0,0,1,0,1,0,0,1,0,0,0,0,0
423,91,0,0,0,0,1,0,0,0,0,0,0,0,1,0,0,0
430,86,0,0,0,1,0,0,0,0,0,0,0,0,1,0,0,0
432,80,0,0,0,1,0,0,0,0,0,0,0,0,1,0,0,0
432,84,0,0,0,0,0,1,0,0,0,0,0,0,1,0,0,0
433,84,0,0,0,0,0,1,0,0,0,0,0,0,1,0,0,0
435,81,0,0,0,1,0,0,0,0,0,0,0,0,1,0,0,0
435,84,0,0,0,0,0,1,0,0,0,1,0,0,0,0,0,0
440,275,0,0,0,1,0,0,1,0,0,0,0,1,0,0,0,0
440,286,0,0,0,1,0,0,1,0,0,0,0,0,0,0,0,1
443,110,0,0,0,0,1,0,0,1,0,0,1,0,0,0,0,0
449,295,0,0,0,1,0,0,1,0,0,0,0,0,0,0,0,1
464,94,0,0,0,0,0,1,0,0,1,0,0,0,0,1,0,0
469,94,0,0,0,1,0,0,1,0,0,0,0,0,0,0,1,0
475,90,0,0,0,1,0,0,1,0,0,0,0,1,0,0,0,0
490,172,0,0,0,0,0,0,0,0,0,0,0,0,0,1,0,0
492,172,0,0,0,0,0,0,0,0,0,0,0,0,0,1,0,0
518,337,0,1,0,0,0,0,0,0,0,0,0,0,0,0,0,0
526,377,0,0,0,1,0,0,1,0,0,0,0,0,0,0,0,1
527,386,0,0,0,1,0,0,1,0,0,0,0,0,0,0,0,1
