69,190,0,0,0,1,0,0,1,0,0,0,0,0,0,0,0,1
69,200,0,0,0,1,0,0,1,0,0,0,0,0,0,0,0,1
77,328,0,0,0,1,0,0,1,0,0,0,0,1,0,0,0,0
86,225,0,0,0,1,0,0,1,0,0,0,0,1,0,0,0,0
86,241,0,0,0,0,0,1,0,0,1,0,1,0,0,0,0,0
93,396,0,0,0,1,0,0,1,0,0,0,0,0,0,0,1,0
94,329,0,0,0,1,0,0,1,0,0,0,0,1,0,0,0,0
94,399,0,0,0,0,0,1,0,0,1,0,0,1,0,0,0,0
96,134,0,1,0,0,0,0,0,0,0,0,0,0,0,0,0,0
99,420,0,0,0,0,1,0,0,1,0,0,1,0,0,0,0,0
101,260,0,0,0,0,0,1,0,0,1,0,0,0,0,1,0,0
101,267,0,0,0,0,0,1,0,0,1,0,0,0,0,1,0,0
114,445,0,0,0,0,1,0,0,1,0,0,1,0,0,0,0,0
121,238,0,0,0,0,1,0,0,1,0,0,1,0,0,0,0,0
122,278,0,0,0,0,1,0,0,1,0,0,1,0,0,0,0,0
124,206,0,0,0,0,0,1,0,0,1,0,1,0,0,0,0,0
124,217,0,0,0,0,0,1,0,0,1,0,1,0,0,0,0,0
125,187,0,0,0,0,1,0,0,1,0,0,1,0,0,0,0,0
128,466,0,0,0,0,0,1,0,0,1,0,0,0,0,1,0,1
130,358,0,0,0,0,0,0,0,0,0,1,0,0,0,0,0,0
130,439,0,0,0,0,0,1,0,1,0,0,0,0,0,1,0,0
132,358,0,0,0,0,0,1,0,0,0,0,0,0,1,0,0,0
132,362,0,0,0,0,0,1,0,0,0,0,0,0,1,0,0,0
132,363,0,0,0,0,0,1,0,0,0,0,0,0,1,0,0,0
134,477,0,0,0,1,0,0,1,0,0,0,0,0,0,0,0,1
135,439,0,0,0,0,1,0,0,0,0,0,0,0,1,0,0,0
138,423,0,1,0,0,0,1,0,0,0,0,0,0,0,0,0,0
140,363,0,0,0,0,0,1,0,0,0,1,0,0,0,0,0,0
143,384,0,0,0,0,0,1,0,0,0,0,0,0,1,0,0,0
143,446,0,0,0,0,0,1,0,0,0,1,0,0,0,0,0,0
143,447,0,0,0,0,0,0,0,0,0,0,0,0,1,0,0,0
144,386,0,0,0,0,0,1,0,0,0,0,0,0,1,0,0,0
144,387,0,0,0,0,0,0,0,0,0,0,0,0,1,0,0,0
144,434,0,0,0,0,1,0,0,0,0,1,0,0,0,0,0,0
144,446,0,0,0,0,0,1,0,0,0,0,0,0,1,0,0,0
144,447,0,0,0,0,0,0,0,0,0,0,0,0,1,0,0,0
145,386,0,0,0,0,0,1,0,0,0,0,0,0,1,0,0,0
145,387,0,0,0,0,0,0,0,0,0,0,0,0,1,0,0,0
147,137,0,0,0,0,0,1,0,0,1,0,1,0,0,0,0,0
147,152,0,0,0,1,0,0,1,0,0,0,0,1,0,0,0,0
149,240,0,1,0,0,0,0,0,0,0,0,0,0,0,0,0,0
149,437,0,0,0,0,1,0,0,0,0,0,0,0,1,0,0,0
152,110,0,0,0,0,0,1,0,0,1,0,1,0,0,0,0,0
153,109,0,0,0,0,0,0,0,0,0,0,0,0,0,1,0,0
153,113,0,0,0,0,0,1,0,0,1,0,0,0,0,1,0,0
154,436,0,0,0,0,0,1,0,0,0,0,0,0,1,0,0,0
158,82,0,0,0,0,1,0,0,1,0,0,1,0,0,0,0,0
158,437,0,0,1,1,0,0,0,0,0,0,0,0,0,0,0,0
163,357,0,0,0,0,0,1,0,1,0,0,1,0,0,0,0,0
168,358,0,0,0,1,0,0,0,1,0,0,1,0,0,0,0,0
169,404,0,0,1,0,0,0,0,0,0,0,0,0,0,0,0,0
175,222,0,0,0,0,0,1,0,0,1,0,1,0,0,0,0,0
175,284,0,0,0,1,0,0,0,1,0,0,0,0,0,1,0,0
176,202,0,0,0,0,1,0,0,1,0,0,1,0,0,0,0,0
180,282,0,0,0,0,0,1,0,0,1,0,0,0,0,1,0,0
181,187,0,0,0,0,1,0,0,1,0,0,1,0,0,0,0,0
181,262,0,0,0,0,1,0,0,1,0,0,1,0,0,0,0,0
193,222,0,0,0,0,0,1,0,0,1,0,1,0,0,0,0,0
193,227,0,0,0,0,0,1,0,0,1,0,0,0,0,1,0,0
194,331,0,0,0,0,1,0,0,1,0,0,1,0,0,0,0,0
196,279,0,0,0,0,0,1,0,0,1,0,0,0,0,1,0,0
196,363,0,0,0,0,0,0,0,0,0,0,0,0,0,1,0,0
201,459,0,0,0,1,0,0,1,0,0,0,0,1,0,0,0,0
201,482,0,0,0,1,0,0,0,1,0,0,1,0,0,0,0,0
202,440,0,0,0,1,0,0,1,0,0,0,0,0,0,0,1,1
202,451,0,0,0,1,0,0,1,0,0,0,0,0,0,0,1,1
203,279,0,0,0,1,0,0,1,0,0,0,0,1,0,0,0,0
203,434,0,0,0,1,0,0,1,0,0,0,0,1,0,0,0,0
208,485,0,0,0,1,0,0,1,0,0,0,0,0,0,0,0,1
211,247,0,0,0,0,0,0,0,0,0,0,0,0,0,1,0,0
212,392,0,0,0,0,1,0,0,1,0,0,1,0,0,0,0,0
213,247,0,0,0,0,0,0,0,0,0,0,0,0,0,1,0,0
213,492,0,0,0,1,0,0,1,0,0,0,0,0,0,0,0,1
215,416,0,0,0,0,0,1,0,0,1,0,0,0,0,1,0,0
215,429,0,0,0,1,0,0,1,0,0,0,0,0,0,0,1,0
216,220,0,0,0,0,0,1,0,0,1,0,0,0,0,1,0,0
216,451,0,0,0,1,0,0,1,0,0,0,0,1,0,0,0,0
217,149,0,0,0,1,0,0,1,0,0,0,0,1,0,0,0,0
217,443,0,0,0,1,0,0,1,0,0,0,0,1,0,0,0,0
217,483,1,0,0,0,0,0,0,0,0,0,0,0,0,0,0,0
220,214,0,0,0,0,0,1,0,0,1,0,0,0,0,1,0,0
220,333,0,0,0,0,0,0,0,0,0,0,0,0,0,1,0,0
220,334,0,0,0,0,0,0,0,0,0,0,0,0,0,1,0,0
222,375,0,0,0,0,1,0,0,1,0,0,1,0,0,0,0,0
222,490,1,0,0,0,0,0,0,0,0,0,0,0,0,0,0,0
224,490,1,0,0,0,0,0,0,0,0,0,0,0,0,0,0,0
226,96,0,1,0,0,0,0,0,0,0,0,0,0,0,0,0,0
226,140,0,0,0,0,0,1,0,0,1,0,1,0,0,0,0,0
226,491,1,0,0,0,0,0,0,0,0,0,0,0,0,0,0,0
228,198,0,0,0,0,1,0,0,1,0,0,1,0,0,0,0,0
231,303,0,0,0,1,0,0,1,0,0,0,0,0,0,0,1,0
234,303,0,0,0,0,0,1,0,0,1,0,0,0,0,1,0,0
239,507,1,0,0,0,0,0,0,0,0,0,0,0,0,0,0,0
241,499,1,0,0,0,0,0,0,0,0,0,0,0,0,0,0,0
246,498,1,0,0,0,0,0,0,0,0,0,0,0,0,0,0,0
247,521,1,0,0,0,0,0,0,0,0,0,0,0,0,0,0,0
247,528,1,0,0,0,0,0,0,0,0,0,0,0,0,0,0,0
248,351,0,0,0,0,1,0,0,1,0,0,1,0,0,0,0,0
250,334,0,0,0,0,1,0,0,1,0,0,1,0,0,0,0,0
254,144,0,0,0,0,0,1,0,0,1,0,0,0,0,1,0,1
254,156,0,0,0,1,0,0,1,0,0,0,0,1,0,0,0,0
255,220,0,1,0,0,0,0,0,0,0,0,0,0,0,0,0,0
255,300,0,0,0,0,1,0,0,1,0,0,0,0,0,1,0,0
255,510,1,0,0,0,0,0,0,0,0,0,0,0,0,0,0,0
256,143,0,0,0,1,0,0,1,0,0,0,0,0,0,0,0,1
256,500,1,0,0,0,0,0,0,0,0,0,0,0,0,0,0,0
257,72,0,0,0,1,0,0,1,0,0,0,0,1,0,0,0,0
257,381,0,1,0,0,0,0,0,0,0,0,0,0,0,0,0,0
259,516,1,0,0,0,0,0,0,0,0,0,0,0,0,0,0,0
259,519,1,0,0,0,0,0,0,0,0,0,0,0,0,0,0,0
260,512,1,0,0,0,0,0,0,0,0,0,0,0,0,0,0,0
260,514,1,0,0,0,0,0,0,0,0,0,0,0,0,0,0,0
261,537,1,0,0,0,0,0,0,0,0,0,0,0,0,0,0,0
264,245,0,0,0,0,1,0,0,1,0,0,0,0,0,1,0,0
268,500,1,0,0,0,0,0,0,0,0,0,0,0,0,0,0,0
269,74,0,0,0,0,0,1,0,0,1,0,0,0,0,1,0,0
269,75,0,0,0,0,0,0,0,0,0,0,0,0,0,1,0,0
270,502,1,0,0,0,0,0,0,0,0,0,0,0,0,0,0,0
272,116,0,1,0,0,0,0,0,0,0,0,0,0,0,0,0,0
272,472,1,0,0,0,0,0,0,0,0,0,0,0,0,0,0,0
272,502,1,0,0,0,0,0,0,0,0,0,0,0,0,0,0,0
275,505,1,0,0,0,0,0,0,0,0,0,0,0,0,0,0,0
275,507,1,0,0,0,0,0,0,0,0,0,0,0,0,0,0,0
283,233,0,0,0,0,1,0,0,1,0,0,0,0,0,1,0,0
283,516,1,0,0,0,0,0,0,0,0,0,0,0,0,0,0,0
288,503,1,0,0,0,0,0,0,0,0,0,0,0,0,0,0,0
289,516,1,0,0,0,0,0,0,0,0,0,0,0,0,0,0,0
291,403,0,1,0,0,0,0,0,0,0,0,0,0,0,0,0,0
293,523,1,0,0,0,0,0,0,0,0,0,0,0,0,0,0,0
295,156,0,1,0,0,0,0,0,0,0,0,0,0,0,0,0,0
300,499,1,0,0,0,0,0,0,0,0,0,0,0,0,0,0,0
303,208,0,1,0,0,0,0,0,0,0,0,0,0,0,0,0,0
303,376,0,0,0,1,0,0,1,0,0,0,0,1,0,0,0,0
304,527,1,0,0,0,0,0,0,0,0,0,0,0,0,0,0,0
305,456,0,1,0,0,0,0,0,0,0,0,0,0,0,0,0,0
307,176,0,1,0,0,0,0,0,0,0,0,0,0,0,0,0,0
307,540,1,0,0,0,0,0,0,0,0,0,0,0,0,0,0,0
308,492,1,0,0,0,0,0,0,0,0,0,0,0,0,0,0,0
311,386,0,0,0,0,0,1,0,0,1,0,1,0,0,0,0,0
311,497,1,0,0,0,0,0,0,0,0,0,0,0,0,0,0,0
314,497,1,0,0,0,0,0,0,0,0,0,0,0,0,0,0,0
315,488,1,0,0,0,0,0,0,0,0,0,0,0,0,0,0,0
317,483,1,0,0,0,0,0,0,0,0,0,0,0,0,0,0,0
319,483,1,0,0,0,0,0,0,0,0,0,0,0,0,0,0,0
325,154,0,0,0,0,0,0,0,0,0,0,0,0,0,1,0,0
327,392,0,0,0,0,1,0,0,1,0,0,1,0,0,0,0,0
335,215,0,0,0,0,0,1,0,1,0,0,1,0,0,0,0,0
337,236,0,0,0,0,1,0,0,1,0,0,1,0,0,0,0,0
338,209,0,0,0,1,0,0,0,0,0,1,0,0,0,0,0,0
338,370,0,0,0,1,0,0,1,0,0,0,0,0,0,0,1,0
338,374,0,0,0,0,0,1,0,0,1,0,0,0,0,1,0,0
341,456,0,0,0,1,0,0,1,0,0,0,0,1,0,0,1,0
341,468,0,0,0,0,0,1,0,0,1,0,0,0,0,1,0,0
344,456,0,0,0,1,0,0,1,0,0,0,0,0,0,0,1,0
345,118,0,0,0,1,0,0,0,0,0,0,0,0,1,0,0,0
348,108,0,0,0,0,0,0,0,0,0,0,0,0,1,0,0,0
348,109,0,0,0,0,0,1,0,0,0,0,0,0,1,0,0,0
349,109,0,0,0,0,0,1,0,0,0,0,0,0,1,0,0,0
349,207,0,0,0,0,0,1,0,0,0,0,0,0,1,0,0,0
351,162,0,0,0,0,1,0,0,1,0,0,1,0,0,0,0,0
351,267,0,1,0,0,1,0,0,0,0,0,0,0,0,0,0,0
358,113,0,0,0,0,0,1,0,0,0,0,0,0,1,0,0,0
358,118,0,0,0,1,0,0,0,0,0,1,0,0,0,0,0,0
359,72,0,1,0,1,0,0,0,0,0,0,0,0,0,0,0,0
359,208,0,0,0,1,0,0,0,0,0,1,0,0,0,0,0,0
359,455,0,0,0,1,0,0,1,0,0,0,0,0,0,0,1,0
360,213,0,0,0,0,0,1,0,0,0,0,0,0,1,0,0,0
361,86,0,0,0,1,0,0,0,0,0,1,0,0,0,0,0,0
364,215,0,0,0,0,0,1,0,1,0,0,0,0,0,1,0,0
365,419,0,0,0,1,0,0,1,0,0,0,0,0,0,0,0,1
365,423,0,0,0,1,0,0,1,0,0,0,0,0,0,0,1,1
366,96,0,0,0,0,0,1,0,0,0,0,0,0,1,0,0,0
366,97,0,0,0,0,0,0,0,0,0,0,0,0,1,0,0,0
367,96,0,0,0,0,0,0,0,0,0,0,0,0,1,0,0,0
367,97,0,0,0,0,0,0,0,0,0,0,0,0,1,0,0,0
368,324,0,1,0,1,0,0,0,0,0,0,0,0,0,0,0,0
369,250,0,0,0,1,0,0,0,0,0,1,0,0,0,0,0,0
369,255,0,0,0,0,0,1,0,0,0,0,0,0,1,0,0,0
370,235,0,0,0,0,0,1,0,1,0,0,1,0,0,0,0,0
370,256,0,0,0,0,0,1,0,0,0,0,0,0,1,0,0,0
370,264,0,0,0,0,0,1,0,0,0,1,0,0,0,0,0,0
371,427,0,0,0,1,0,0,1,0,0,0,0,1,0,0,0,0
374,320,0,0,0,1,0,0,0,0,0,0,0,0,1,0,0,0
376,71,0,1,0,0,1,0,0,0,0,0,0,0,0,0,0,0
376,274,0,1,0,0,0,1,0,0,0,0,0,0,0,0,0,0
376,301,0,0,0,0,0,0,0,0,0,0,0,0,1,0,0,0
376,302,0,0,0,0,0,1,0,0,0,0,0,0,1,0,0,0
377,308,0,0,0,1,0,0,0,0,0,0,0,0,1,0,0,0
381,223,0,0,0,0,0,0,0,0,0,0,0,0,0,1,0,0
381,320,0,0,0,1,0,0,0,0,0,1,0,0,0,0,0,0
383,223,0,0,0,0,0,0,0,0,0,0,0,0,0,1,0,0
384,503,0,0,0,0,1,0,0,1,0,0,1,0,0,0,0,0
388,388,0,0,0,0,1,0,0,1,0,0,1,0,0,0,0,0
389,45,0,1,0,0,0,0,0,0,0,0,0,0,0,0,0,0
390,444,0,0,0,1,0,0,1,0,0,0,0,0,0,0,0,1
391,140,0,0,0,1,0,0,1,0,0,0,0,1,0,0,0,0
392,148,0,0,0,1,0,0,1,0,0,0,0,1,0,0,0,0
400,396,0,0,0,0,1,0,0,1,0,0,1,0,0,0,0,0
401,449,0,0,0,1,0,0,0,0,1,0,0,0,0,1,0,1
408,514,0,0,0,0,1,0,0,1,0,0,1,0,0,0,0,0
413,232,0,1,0,0,0,0,0,0,0,0,0,0,0,0,0,0
419,311,0,0,0,0,0,0,0,0,0,0,0,0,1,0,0,0
419,312,0,0,0,0,0,1,0,0,0,0,0,0,1,0,0,0
420,311,0,0,0,0,0,0,0,0,0,0,0,0,1,0,0,0
420,312,0,0,0,0,0,1,0,0,0,0,0,0,1,0,0,0
420,315,0,0,0,0,1,0,0,0,0,0,0,0,1,0,0,0
420,318,0,0,0,0,0,1,0,0,0,1,0,0,0,0,0,0
421,181,0,1,0,0,0,0,0,0,0,0,0,0,0,0,0,0
422,336,0,0,0,0,1,0,0,1,0,0,1,0,0,0,0,0
422,401,0,0,0,0,0,1,0,0,0,0,0,0,1,0,0,0
423,390,0,0,0,0,0,1,0,0,0,0,0,0,1,0,0,0
426,387,0,0,0,0,0,1,0,0,0,1,0,0,0,0,0,0
427,483,0,1,0,0,0,0,0,0,0,0,0,0,0,0,0,0
431,282,0,0,0,0,0,0,0,0,0,0,0,0,0,1,0,0
432,282,0,0,0,0,0,0,0,0,0,0,0,0,0,1,0,0
435,389,0,0,0,0,0,1,0,0,0,0,0,0,1,0,0,0
439,349,0,0,0,0,0,1,0,0,1,0,1,0,0,0,0,0
439,365,0,0,0,0,0,1,1,0,0,0,0,1,0,0,0,0
439,389,0,0,0,0,0,1,0,1,0,0,0,0,0,1,0,0
442,165,0,1,0,0,0,0,0,0,0,0,0,0,0,0,0,0
446,364,0,0,0,0,1,0,0,0,0,0,0,0,1,0,0,0
447,199,0,0,0,1,0,0,1,0,0,0,0,1,0,0,0,0
449,402,0,0,0,0,1,0,0,1,0,0,1,0,0,0,0,0
450,343,0,1,0,1,0,0,0,0,0,0,0,0,0,0,0,0
450,347,0,0,0,0,1,0,0,0,0,0,0,0,1,0,0,0
452,207,0,0,0,0,0,1,0,0,1,0,1,0,0,0,0,0
452,232,0,0,0,0,1,0,0,1,0,0,1,0,0,0,0,0
454,359,0,0,0,0,0,1,0,0,0,0,0,0,1,0,0,0
454,360,0,0,0,0,0,0,0,0,0,0,0,0,1,0,0,0
455,359,0,0,0,0,0,1,0,0,0,0,0,0,1,0,0,0
455,360,0,0,0,0,0,1,0,0,0,0,0,0,1,0,0,0
457,278,0,0,0,0,1,0,0,1,0,0,1,0,0,0,0,0
457,357,0,0,0,0,0,1,0,0,0,1,0,0,0,0,0,0
465,462,0,0,1,0,0,0,0,0,0,0,0,0,0,0,0,0
466,305,0,0,0,0,1,0,0,1,0,0,1,0,0,0,0,0
467,357,0,0,0,1,0,0,0,0,0,1,0,0,0,0,0,0
494,335,0,0,0,0,1,0,0,1,0,0,1,0,0,0,0,0
498,165,0,0,0,0,0,0,0,0,0,0,0,0,0,1,0,0
498,167,0,0,0,0,0,0,0,0,0,0,0,0,0,1,0,0
499,295,0,0,0,1,0,0,1,0,0,0,0,0,0,0,0,1
505,288,0,0,0,1,0,0,1,0,0,0,0,0,0,0,0,1
506,229,0,1,0,0,0,0,0,0,0,0,0,0,0,0,0,0
513,183,0,0,0,0,1,0,0,1,0,0,1,0,0,0,0,0
529,338,0,0,0,0,1,0,0,1,0,0,1,0,0,0,0,0
541,331,0,0,0,0,1,0,0,1,0,0,1,0,0,0,0,0
549,271,0,1,0,0,0,0,0,0,0,0,0,0,0,0,0,0
