67,349,0,0,0,0,1,0,0,1,0,0,1,0,0,0,0,0
68,298,0,0,0,1,0,0,1,0,0,0,0,1,0,0,0,0
69,293,0,0,0,1,0,0,1,0,0,0,0,0,0,0,1,0
74,292,0,0,0,0,0,1,1,0,0,0,0,0,0,0,1,0
80,359,0,0,0,0,0,1,0,0,1,0,0,0,0,1,0,1
80,368,0,0,0,1,0,0,1,0,0,0,0,0,0,0,0,1
87,262,0,1,0,1,0,0,0,0,0,0,0,0,0,0,0,0
89,293,0,0,0,1,0,0,1,0,0,0,0,1,0,0,0,0
90,264,0,0,0,0,0,1,0,0,0,1,0,0,0,0,0,0
91,279,0,0,0,0,0,1,0,0,0,0,0,0,1,0,0,0
92,192,0,0,0,0,1,0,0,1,0,0,1,0,0,0,0,0
92,342,0,0,0,0,1,0,0,1,0,0,1,0,0,0,0,0
93,275,0,0,0,0,0,1,0,0,0,1,0,0,0,0,0,0
93,277,0,0,0,0,0,1,0,0,0,0,0,0,1,0,0,0
95,425,0,1,0,0,0,0,0,0,0,0,0,0,0,0,0,0
100,129,0,1,0,0,0,0,0,0,0,0,0,0,0,0,0,0
104,178,0,0,0,0,0,1,0,0,1,0,1,0,0,0,0,0
106,243,0,1,0,0,1,0,0,0,0,0,0,0,0,0,0,0
107,178,0,0,0,0,0,1,0,0,1,0,1,0,0,0,0,0
113,199,0,0,0,0,1,0,0,1,0,0,0,0,0,1,0,0
115,465,0,0,0,1,0,0,1,0,0,0,0,1,0,0,0,0
122,149,0,1,0,0,1,0,0,0,0,0,0,0,0,0,0,0
125,459,0,0,0,0,0,1,0,0,1,0,1,0,0,0,0,0
129,307,0,0,0,0,1,0,0,1,0,0,1,0,0,0,0,0
129,441,0,0,0,0,1,0,0,1,0,0,1,0,0,0,0,0
132,181,0,0,0,0,0,1,0,0,1,0,0,0,0,1,0,0
132,191,0,0,0,0,0,1,0,0,1,0,0,0,0,1,0,0
134,258,0,1,0,0,0,0,0,0,0,0,0,0,0,0,0,0
140,141,0,0,0,0,0,0,0,0,0,0,0,0,1,0,0,0
140,142,0,0,0,0,0,0,0,0,0,0,0,0,1,0,0,0
140,143,0,0,0,0,0,0,0,0,0,0,0,0,1,0,0,0
141,141,0,0,0,0,0,0,0,0,0,0,0,0,1,0,0,0
141,142,0,0,0,0,0,0,0,0,0,0,0,0,1,0,0,0
141,143,0,0,0,0,0,0,0,0,0,0,0,0,1,0,0,0
141,329,0,0,0,0,1,0,0,1,0,0,1,0,0,0,0,0
151,174,0,0,0,0,1,0,0,1,0,0,1,0,0,0,0,0
160,204,0,1,0,0,0,0,0,0,0,0,0,0,0,0,0,0
167,502,0,0,0,1,0,0,1,0,0,0,0,0,0,0,1,0
171,502,0,0,0,0,0,1,0,0,1,0,0,0,0,1,0,0
178,159,0,0,0,0,1,0,0,1,0,0,1,0,0,0,0,0
178,330,0,0,0,0,0,1,0,0,0,1,0,0,0,0,0,0
182,52,0,0,1,0,0,0,0,0,0,0,0,0,0,0,0,0
184,434,0,0,1,0,0,0,0,0,0,0,0,0,0,0,0,0
186,107,0,0,1,0,0,0,0,0,0,0,0,0,0,0,0,0
186,294,0,0,0,0,1,0,0,1,0,0,1,0,0,0,0,0
186,327,0,0,0,0,0,0,0,0,0,0,0,0,1,0,0,0
186,328,0,0,0,0,0,0,0,0,0,0,0,0,1,0,0,0
186,329,0,0,0,0,0,1,0,0,0,0,0,0,1,0,0,0
187,327,0,0,0,0,0,0,0,0,0,0,0,0,1,0,0,0
187,328,0,0,0,0,0,0,0,0,0,0,0,0,1,0,0,0
187,329,0,0,0,0,0,0,0,0,0,0,0,0,1,0,0,0
192,397,0,1,0,0,1,0,0,0,0,0,0,0,0,0,0,0
194,168,0,0,0,0,0,1,0,0,1,0,0,0,0,1,0,1
195,275,0,0,0,0,1,0,0,1,0,0,1,0,0,0,0,0
198,181,0,0,0,1,0,0,1,0,0,0,0,0,0,0,1,1
201,254,0,0,0,0,1,0,0,1,0,0,1,0,0,0,0,0
201,379,0,0,0,1,0,0,0,0,0,0,0,0,1,0,0,0
201,384,0,0,0,0,0,1,0,0,0,1,0,0,0,0,0,0
201,506,0,0,0,0,1,0,0,1,0,0,0,0,0,1,0,0
202,344,0,0,0,0,0,1,0,0,0,0,0,0,1,0,0,0
204,370,0,0,0,0,0,1,0,0,0,1,0,0,0,0,0,0
204,379,0,0,0,0,0,1,0,0,0,0,0,0,1,0,0,0
207,181,0,0,0,0,0,1,0,0,1,0,0,0,0,1,0,0
207,183,0,0,0,0,0,0,0,0,0,0,1,0,0,0,0,0
211,351,0,0,0,1,0,0,0,0,0,0,0,0,1,0,0,0
211,356,0,0,0,0,0,1,0,0,0,0,0,0,1,0,0,0
218,268,0,0,0,0,1,0,0,1,0,0,0,0,0,1,0,0
218,356,0,0,0,1,0,0,0,0,0,0,0,0,1,0,0,0
220,100,1,0,0,0,0,0,0,0,0,0,0,0,0,0,0,0
222,393,0,0,0,0,0,1,0,0,0,1,0,0,0,0,0,0
223,402,0,0,0,0,0,0,0,0,0,0,0,0,1,0,0,0
223,403,0,0,0,0,0,1,0,0,0,0,0,0,1,0,0,0
223,410,0,0,0,1,0,0,0,0,0,1,0,0,0,0,0,0
224,231,0,0,0,0,1,0,0,1,0,0,1,0,0,0,0,0
224,402,0,0,0,0,0,1,0,0,0,0,0,0,1,0,0,0
224,403,0,0,0,0,0,0,0,0,0,0,0,0,1,0,0,0
229,260,0,0,0,0,1,0,0,1,0,0,1,0,0,0,0,0
229,319,0,0,1,0,0,0,0,0,0,0,0,0,0,0,0,0
230,286,0,0,0,0,1,0,0,1,0,0,1,0,0,0,0,0
234,64,1,0,0,0,0,0,0,0,0,0,0,0,0,0,0,0
234,73,1,0,0,0,0,0,0,0,0,0,0,0,0,0,0,0
241,109,1,0,0,0,0,0,0,0,0,0,0,0,0,0,0,0
247,109,1,0,0,0,0,0,0,0,0,0,0,0,0,0,0,0
248,526,0,0,0,0,1,0,0,1,0,0,0,0,0,1,0,0
257,81,1,0,0,0,0,0,0,0,0,0,0,0,0,0,0,0
259,94,1,0,0,0,0,0,0,0,0,0,0,0,0,0,0,0
260,83,1,0,0,0,0,0,0,0,0,0,0,0,0,0,0,0
265,543,0,0,0,0,1,0,0,1,0,0,1,0,0,0,0,0
269,83,1,0,0,0,0,0,0,0,0,0,0,0,0,0,0,0
271,91,1,0,0,0,0,0,0,0,0,0,0,0,0,0,0,0
271,471,0,0,0,1,0,0,0,1,0,0,0,0,0,1,0,0
274,471,0,0,0,1,0,0,0,0,1,0,0,0,0,1,0,0
276,75,1,0,0,0,0,0,0,0,0,0,0,0,0,0,0,0
283,91,1,0,0,0,0,0,0,0,0,0,0,0,0,0,0,0
288,163,0,0,0,0,1,0,0,1,0,0,1,0,0,0,0,0
289,472,0,0,0,1,0,0,1,0,0,0,0,1,0,0,0,0
291,105,1,0,0,0,0,0,0,0,0,0,0,0,0,0,0,0
296,87,1,0,0,0,0,0,0,0,0,0,0,0,0,0,0,0
300,202,0,0,0,0,1,0,0,1,0,0,1,0,0,0,0,0
304,37,0,1,0,0,0,0,0,0,0,0,0,0,0,0,0,0
309,66,0,1,0,0,0,0,0,0,0,0,0,0,0,0,0,0
311,383,0,0,0,1,0,0,1,0,0,0,0,1,0,0,0,0
312,175,0,0,0,0,0,1,0,0,1,0,0,0,0,1,0,0
312,183,0,0,0,0,0,1,0,0,1,0,1,0,0,0,0,0
314,413,0,0,0,0,1,0,0,1,0,0,1,0,0,0,0,0
321,370,0,0,0,0,1,0,0,1,0,0,1,0,0,0,0,0
323,159,0,0,0,0,1,0,0,1,0,0,0,0,0,1,0,0
323,388,0,0,0,0,0,1,0,0,1,0,1,0,0,0,0,0
340,373,0,0,0,0,0,1,0,0,1,0,0,0,0,1,0,0
342,361,0,0,0,0,0,1,0,0,1,0,0,0,0,1,0,0
342,371,0,0,0,0,0,1,0,0,1,0,0,0,0,1,0,0
343,345,0,0,0,0,1,0,0,1,0,0,1,0,0,0,0,0
345,401,0,1,0,0,0,0,0,0,0,0,0,0,0,0,0,0
354,218,0,0,0,1,0,0,1,0,0,0,0,0,0,0,0,1
354,225,0,0,0,1,0,0,0,1,0,0,0,0,0,1,0,1
359,375,0,0,0,0,0,1,0,0,1,0,1,0,0,0,0,0
360,273,0,0,0,0,0,1,0,0,1,0,0,0,0,1,0,0
360,279,0,0,0,1,0,0,1,0,0,0,0,0,0,0,1,0
364,472,0,0,1,0,0,0,0,0,0,0,0,0,0,0,0,0
366,226,0,0,0,1,0,0,0,1,0,0,1,0,0,0,0,0
367,144,0,1,0,0,0,0,0,0,0,0,0,0,0,0,0,0
371,373,0,0,0,0,0,1,0,0,1,0,0,0,0,1,0,0
373,373,0,0,0,0,0,0,0,0,0,0,1,0,0,0,0,0
375,81,0,0,0,1,0,0,1,0,0,0,0,1,0,0,0,0
377,320,0,0,0,0,1,0,0,1,0,0,1,0,0,0,0,0
382,197,0,0,0,0,1,0,0,1,0,0,1,0,0,0,0,0
384,79,0,0,0,1,0,0,1,0,0,0,0,0,0,0,1,0
386,262,0,0,0,0,0,1,0,0,1,0,0,0,0,1,0,0
388,79,0,0,0,1,0,0,1,0,0,0,0,0,0,0,1,0
388,413,0,1,0,0,0,0,0,0,0,0,0,0,0,0,0,0
389,262,0,0,0,0,0,1,0,0,1,0,0,0,0,1,0,0
389,302,0,0,0,0,0,1,0,0,1,0,0,0,0,1,0,0
390,282,0,0,0,0,0,1,0,0,1,0,1,0,0,0,0,0
390,294,0,0,0,1,0,0,1,0,0,0,0,0,0,0,1,0
392,354,0,0,0,1,0,0,1,0,0,0,0,1,0,0,0,0
392,382,0,0,0,1,0,0,1,0,0,0,0,1,0,0,0,0
394,363,0,0,0,1,0,0,1,0,0,0,0,0,0,0,0,1
394,367,0,0,0,0,0,1,0,0,1,0,0,0,0,1,0,1
403,281,0,0,0,1,0,0,1,0,0,0,0,0,0,0,1,0
404,294,0,0,0,0,0,1,0,0,0,0,0,0,1,0,0,0
404,295,0,0,0,0,0,1,0,0,0,0,0,0,1,0,0,0
405,294,0,0,0,0,0,0,0,0,0,0,0,0,1,0,0,0
405,295,0,0,0,0,0,0,0,0,0,0,0,0,1,0,0,0
406,106,0,0,0,0,1,0,0,1,0,0,1,0,0,0,0,0
411,201,0,0,0,0,0,1,0,0,1,0,0,0,0,1,0,0
413,205,0,0,0,1,0,0,1,0,0,0,0,0,0,0,1,0
416,201,0,0,0,0,0,1,0,0,1,0,1,0,0,0,0,0
416,467,0,0,0,1,0,0,1,0,0,0,0,1,0,0,0,0
422,475,0,0,0,1,0,0,1,0,0,0,0,1,0,0,0,0
426,370,0,1,0,0,0,0,0,0,0,0,0,0,0,0,0,0
429,111,0,0,0,0,1,0,0,1,0,0,1,0,0,0,0,0
430,178,0,0,0,1,0,0,1,0,0,0,0,0,0,0,1,0
430,182,0,0,0,0,0,1,0,0,1,0,0,0,0,1,0,0
448,330,0,0,0,1,0,0,1,0,0,0,0,1,0,0,0,0
449,314,0,0,0,0,0,1,0,0,1,0,1,0,0,0,0,0
456,210,0,0,0,0,0,1,0,0,1,0,0,0,0,1,0,0
458,286,0,0,0,0,1,0,0,1,0,0,1,0,0,0,0,0
459,215,0,0,0,0,0,1,0,0,1,0,0,0,0,1,0,0
460,242,0,0,0,0,1,0,0,1,0,0,1,0,0,0,0,0
461,180,0,0,0,0,1,0,0,1,0,0,1,0,0,0,0,0
462,153,0,0,0,0,1,0,0,1,0,0,1,0,0,0,0,0
468,408,0,1,0,0,0,0,0,0,0,0,0,0,0,0,0,0
475,215,0,0,0,1,0,0,1,0,0,0,0,1,0,0,1,0
479,214,0,0,0,1,0,0,1,0,0,0,0,0,0,0,1,0
482,214,0,0,0,1,0,0,1,0,0,0,0,0,0,0,1,0
491,392,0,1,0,0,0,0,0,0,0,0,0,0,0,0,0,0
537,383,0,1,0,0,0,0,0,0,0,0,0,0,0,0,0,0
